r b swpd free buff cache si so bi bo in cs us sy id wa st
0 0 1124608 851856 0 0 0 0 0 0 0 217529 1.9 0.9 97.2 0.0 0.0
0 0 1124608 842200 0 0 0 0 0 0 0 209979 6.4 1.9 91.7 0.0 0.0
0 0 1124608 812000 0 0 0 0 0 0 0 195717 6.2 1.1 92.7 0.0 0.0
0 0 1124608 754964 0 0 0 0 0 0 0 78317 39.7 8.8 51.5 0.0 0.0
0 0 1124608 285364 0 0 0 0 0 0 0 10577 33.3 6.3 60.3 0.0 0.0
0 0 1124608 14408 0 0 0 0 0 0 0 11212 1.2 1.4 97.4 0.0 0.0
0 0 1124608 16948 0 0 0 0 0 0 0 11395 0.5 0.7 98.8 0.0 0.0
0 0 1124608 17680 0 0 0 0 0 0 0 11497 1.0 0.6 98.4 0.0 0.0
0 0 1124608 18088 0 0 0 0 0 0 0 11448 0.8 1.7 97.5 0.0 0.0
0 0 1124608 17876 0 0 0 0 0 0 0 11562 0.7 0.7 98.6 0.0 0.0
0 0 1124608 18332 0 0 0 0 0 0 0 11766 2.0 1.7 96.3 0.0 0.0
0 0 1124608 16180 0 0 0 0 0 0 0 11842 1.2 1.0 97.8 0.0 0.0
0 0 1124608 16376 0 0 0 0 0 0 0 11564 0.8 0.6 98.6 0.0 0.0
0 0 1124608 15272 0 0 0 0 0 0 0 11699 0.6 0.6 98.8 0.0 0.0
0 0 1124608 15812 0 0 0 0 0 0 0 12594 1.0 0.8 98.2 0.0 0.0
0 0 1124608 19324 0 0 0 0 0 0 0 12617 1.2 0.9 97.9 0.0 0.0
0 0 1124608 19060 0 0 0 0 0 0 0 14267 1.1 0.8 98.1 0.0 0.0
0 0 1124608 25660 0 0 0 0 0 0 0 14270 0.7 0.6 98.6 0.0 0.0
0 0 1124608 25672 0 0 0 0 0 0 0 14515 0.7 0.6 98.8 0.0 0.0
0 0 1124608 26652 0 0 0 0 0 0 0 14253 0.7 0.7 98.5 0.0 0.0
0 0 1124608 25604 0 0 0 0 0 0 0 14467 0.6 0.7 98.8 0.0 0.0
0 0 1124608 26460 0 0 0 0 0 0 0 14629 0.6 0.6 98.8 0.0 0.0
0 0 1124608 27112 0 0 0 0 0 0 0 14685 0.7 0.7 98.6 0.0 0.0
0 0 1124608 27336 0 0 0 0 0 0 0 14601 0.6 0.6 98.8 0.0 0.0
0 0 1124608 27000 0 0 0 0 0 0 0 17739 0.6 0.8 98.6 0.0 0.0
0 0 1124608 39552 0 0 0 0 0 0 0 17274 1.9 0.9 97.2 0.0 0.0
0 0 1124608 37716 0 0 0 0 0 0 0 17093 0.6 0.8 98.7 0.0 0.0
0 0 1124608 36992 0 0 0 0 0 0 0 17146 0.7 0.7 98.6 0.0 0.0
0 0 1124608 37204 0 0 0 0 0 0 0 17169 0.8 0.6 98.6 0.0 0.0
0 0 1124608 37296 0 0 0 0 0 0 0 17181 0.7 0.6 98.7 0.0 0.0
0 0 1124608 37344 0 0 0 0 0 0 0 17895 0.6 0.6 98.8 0.0 0.0
0 0 1124608 40204 0 0 0 0 0 0 0 18136 0.8 0.7 98.5 0.0 0.0
0 0 1124608 41168 0 0 0 0 0 0 0 18766 1.0 0.7 98.3 0.0 0.0
0 0 1124608 43688 0 0 0 0 0 0 0 18412 2.0 1.2 96.8 0.0 0.0
0 0 1124608 42252 0 0 0 0 0 0 0 17808 1.2 0.9 97.9 0.0 0.0
0 0 1124608 39708 0 0 0 0 0 0 0 17604 0.9 1.3 97.8 0.0 0.0
0 0 1124608 38908 0 0 0 0 0 0 0 17594 0.9 0.7 98.4 0.0 0.0
0 0 1124608 38864 0 0 0 0 0 0 0 17489 1.0 0.7 98.3 0.0 0.0
0 0 1124608 38444 0 0 0 0 0 0 0 17668 0.6 0.7 98.6 0.0 0.0
0 0 1124608 39160 0 0 0 0 0 0 0 17680 0.6 0.5 98.9 0.0 0.0
0 0 1124608 39208 0 0 0 0 0 0 0 17756 0.7 0.5 98.8 0.0 0.0
0 0 1124608 39392 0 0 0 0 0 0 0 17955 0.7 0.6 98.7 0.0 0.0
0 0 1124608 40188 0 0 0 0 0 0 0 18075 0.6 0.6 98.8 0.0 0.0
0 0 1124608 40668 0 0 0 0 0 0 0 17944 0.8 1.1 98.1 0.0 0.0
0 0 1124608 40144 0 0 0 0 0 0 0 12319 4.6 5.1 90.3 0.0 0.0
0 0 1124608 15232 0 0 0 0 0 0 0 12548 1.2 1.9 96.9 0.0 0.0
0 0 1124608 16028 0 0 0 0 0 0 0 12632 1.8 1.6 96.6 0.0 0.0
0 0 1124608 16124 0 0 0 0 0 0 0 13163 2.6 2.4 95.1 0.0 0.0
0 0 1124608 17216 0 0 0 0 0 0 0 12054 3.5 1.7 94.8 0.0 0.0
0 0 1124608 44384 0 0 0 0 0 0 0 8983 2.6 1.6 95.9 0.0 0.0
0 0 1124608 32012 0 0 0 0 0 0 0 12992 5.8 3.6 90.6 0.0 0.0
0 0 1124608 50112 0 0 0 0 0 0 0 13201 3.7 1.6 94.7 0.0 0.0
0 0 1124608 50948 0 0 0 0 0 0 0 4003 7.4 2.9 89.6 0.0 0.0
0 0 1124608 15236 0 0 0 0 0 0 0 4924 5.3 4.1 90.5 0.0 0.0
0 0 1124608 18764 0 0 0 0 0 0 0 4498 2.7 1.6 95.6 0.0 0.0
0 0 1124608 17032 0 0 0 0 0 0 0 4486 7.0 2.8 90.2 0.0 0.0
0 0 1124608 16464 0 0 0 0 0 0 0 4310 3.1 1.6 95.3 0.0 0.0
0 0 1124608 15460 0 0 0 0 0 0 0 4273 5.7 2.7 91.5 0.0 0.0
0 0 1124608 15136 0 0 0 0 0 0 0 5393 6.8 2.3 91.0 0.0 0.0
0 0 1124608 17648 0 0 0 0 0 0 0 6763 11.2 5.9 82.8 0.0 0.0
0 0 1124608 16104 0 0 0 0 0 0 0 6912 11.7 4.7 83.6 0.0 0.0
0 0 1124608 14572 0 0 0 0 0 0 0 21450 5.3 3.0 91.7 0.0 0.0
0 0 1124608 71544 0 0 0 0 0 0 0 22609 2.7 1.3 95.9 0.0 0.0
0 0 1124608 75712 0 0 0 0 0 0 0 7517 6.4 4.3 89.2 0.0 0.0
0 0 1124608 16448 0 0 0 0 0 0 0 8341 11.8 5.3 82.9 0.0 0.0
0 0 1124608 19456 0 0 0 0 0 0 0 6435 9.6 4.9 85.5 0.0 0.0
0 0 1124608 16312 0 0 0 0 0 0 0 10185 9.2 5.5 85.3 0.0 0.0
0 0 1124608 28472 0 0 0 0 0 0 0 6577 5.8 2.9 91.3 0.0 0.0
0 0 1124608 14512 0 0 0 0 0 0 0 8308 15.8 7.0 77.2 0.0 0.0
0 0 1124608 21952 0 0 0 0 0 0 0 7521 24.5 13.5 62.1 0.0 0.0
0 0 1124608 16292 0 0 0 0 0 0 0 9145 7.2 2.9 89.9 0.0 0.0
0 0 1124608 21816 0 0 0 0 0 0 0 7365 2.5 3.2 94.3 0.0 0.0
0 0 1124608 17788 0 0 0 0 0 0 0 6526 4.9 2.2 92.9 0.0 0.0
0 0 1124608 15912 0 0 0 0 0 0 0 13244 8.8 6.3 84.9 0.0 0.0
0 0 1124608 33772 0 0 0 0 0 0 0 79750 19.6 13.9 66.6 0.0 0.0
0 0 1124608 297168 0 0 0 0 0 0 0 8674 12.9 9.1 78.0 0.0 0.0
0 0 1124608 18540 0 0 0 0 0 0 0 11113 8.0 5.9 86.0 0.0 0.0
0 0 1124608 28008 0 0 0 0 0 0 0 23340 4.9 2.9 92.1 0.0 0.0
0 0 1124608 78108 0 0 0 0 0 0 0 42776 4.5 3.1 92.4 0.0 0.0
0 0 1124608 155068 0 0 0 0 0 0 0 72175 4.2 2.4 93.4 0.0 0.0
0 0 1124608 272760 0 0 0 0 0 0 0 152679 3.4 2.0 94.6 0.0 0.0
0 0 1124608 594772 0 0 0 0 0 0 0 140177 3.9 2.4 93.7 0.0 0.0
0 0 1124608 544692 0 0 0 0 0 0 0 131897 5.2 2.9 91.9 0.0 0.0
0 0 1124608 510412 0 0 0 0 0 0 0 129063 4.5 2.1 93.5 0.0 0.0
0 0 1124608 499076 0 0 0 0 0 0 0 128373 2.6 1.3 96.1 0.0 0.0
0 0 1124608 495600 0 0 0 0 0 0 0 92279 4.4 2.2 93.3 0.0 0.0
0 0 1124608 350900 0 0 0 0 0 0 0 91546 3.6 2.4 94.1 0.0 0.0
0 0 1124608 347960 0 0 0 0 0 0 0 91189 3.8 2.1 94.1 0.0 0.0
0 0 1124608 346520 0 0 0 0 0 0 0 89967 5.3 2.3 92.4 0.0 0.0
0 0 1124608 341360 0 0 0 0 0 0 0 88158 4.5 2.5 93.0 0.0 0.0
0 0 1124608 334124 0 0 0 0 0 0 0 126486 3.2 2.6 94.2 0.0 0.0
0 0 1124608 487436 0 0 0 0 0 0 0 129070 2.7 1.9 95.4 0.0 0.0
0 0 1124608 497772 0 0 0 0 0 0 0 128527 2.7 1.6 95.7 0.0 0.0
0 0 1124608 495600 0 0 0 0 0 0 0 129105 2.5 1.2 96.3 0.0 0.0
0 0 1124608 497904 0 0 0 0 0 0 0 126337 2.3 1.1 96.6 0.0 0.0
0 0 1124608 486820 0 0 0 0 0 0 0 94130 3.2 2.4 94.4 0.0 0.0
0 0 1124608 357996 0 0 0 0 0 0 0 96484 3.7 1.8 94.5 0.0 0.0
0 0 1124608 367408 0 0 0 0 0 0 0 92261 5.9 2.1 91.9 0.0 0.0
0 0 1124608 344912 0 0 0 0 0 0 0 91623 3.5 1.5 95.0 0.0 0.0
0 0 1124608 342360 0 0 0 0 0 0 0 90861 3.5 1.4 95.1 0.0 0.0
0 0 1124608 339312 0 0 0 0 0 0 0 120866 3.5 1.9 94.6 0.0 0.0
0 0 1124608 459324 0 0 0 0 0 0 0 119380 2.8 1.7 95.5 0.0 0.0
0 0 1124608 453380 0 0 0 0 0 0 0 118842 2.4 1.1 96.6 0.0 0.0
0 0 1124608 451156 0 0 0 0 0 0 0 118245 2.3 1.3 96.4 0.0 0.0
0 0 1124608 448400 0 0 0 0 0 0 0 116843 2.4 1.2 96.4 0.0 0.0
0 0 1124608 442792 0 0 0 0 0 0 0 84543 3.0 1.4 95.6 0.0 0.0
0 0 1124608 313580 0 0 0 0 0 0 0 84350 3.6 1.6 94.8 0.0 0.0
0 0 1124608 312804 0 0 0 0 0 0 0 82998 3.2 2.3 94.4 0.0 0.0
0 0 1124608 307396 0 0 0 0 0 0 0 82833 3.7 1.6 94.7 0.0 0.0
0 0 1124608 306736 0 0 0 0 0 0 0 80945 3.4 1.7 95.0 0.0 0.0
0 0 1124608 299184 0 0 0 0 0 0 0 111501 2.9 1.5 95.6 0.0 0.0
0 0 1124608 421408 0 0 0 0 0 0 0 110651 2.2 0.9 96.9 0.0 0.0
0 0 1124608 418008 0 0 0 0 0 0 0 110749 2.4 1.2 96.4 0.0 0.0
0 0 1124608 418400 0 0 0 0 0 0 0 110443 2.4 1.1 96.4 0.0 0.0
0 0 1124608 417176 0 0 0 0 0 0 0 108620 2.4 1.1 96.5 0.0 0.0
0 0 1124608 409884 0 0 0 0 0 0 0 75636 3.1 1.6 95.3 0.0 0.0
0 0 1124608 277948 0 0 0 0 0 0 0 73834 3.9 2.0 94.1 0.0 0.0
0 0 1124608 270732 0 0 0 0 0 0 0 72453 3.7 2.1 94.1 0.0 0.0
0 0 1124608 265204 0 0 0 0 0 0 0 71927 3.7 1.9 94.4 0.0 0.0
0 0 1124608 263096 0 0 0 0 0 0 0 71713 3.7 1.6 94.6 0.0 0.0
0 0 1124608 262240 0 0 0 0 0 0 0 103786 4.7 2.6 92.6 0.0 0.0
0 0 1124608 390368 0 0 0 0 0 0 0 102316 2.7 1.9 95.4 0.0 0.0
0 0 1124608 384176 0 0 0 0 0 0 0 100005 3.6 1.8 94.6 0.0 0.0
0 0 1124608 374004 0 0 0 0 0 0 0 103197 4.7 1.9 93.4 0.0 0.0
0 0 1124608 386828 0 0 0 0 0 0 0 103270 3.2 1.9 94.9 0.0 0.0
0 0 1124608 387120 0 0 0 0 0 0 0 62951 3.0 2.3 94.7 0.0 0.0
0 0 1124608 225836 0 0 0 0 0 0 0 62686 3.7 1.6 94.8 0.0 0.0
0 0 1124608 224772 0 0 0 0 0 0 0 59932 3.6 1.6 94.9 0.0 0.0
0 0 1124608 213652 0 0 0 0 0 0 0 60068 3.7 1.6 94.7 0.0 0.0
0 0 1124608 214148 0 0 0 0 0 0 0 59120 4.9 2.4 92.7 0.0 0.0
0 0 1124608 210016 0 0 0 0 0 0 0 99818 3.9 2.0 94.1 0.0 0.0
0 0 1124608 372816 0 0 0 0 0 0 0 99673 2.9 1.6 95.5 0.0 0.0
0 0 1124608 372228 0 0 0 0 0 0 0 99835 2.5 1.1 96.4 0.0 0.0
0 0 1124608 372876 0 0 0 0 0 0 0 99499 2.2 1.1 96.6 0.0 0.0
0 0 1124608 371532 0 0 0 0 0 0 0 96127 3.1 1.8 95.1 0.0 0.0
0 0 1124608 358036 0 0 0 0 0 0 0 62622 3.3 2.2 94.5 0.0 0.0
0 0 1124608 224012 0 0 0 0 0 0 0 62652 3.4 1.7 94.9 0.0 0.0
0 0 1124608 224012 0 0 0 0 0 0 0 62690 3.3 1.4 95.4 0.0 0.0
0 0 1124608 224140 0 0 0 0 0 0 0 62755 3.4 1.4 95.1 0.0 0.0
0 0 1124608 224400 0 0 0 0 0 0 0 62757 3.4 1.5 95.1 0.0 0.0
0 0 1124608 224396 0 0 0 0 0 0 0 93819 3.1 1.5 95.4 0.0 0.0
0 0 1124608 348644 0 0 0 0 0 0 0 92950 4.1 1.7 94.2 0.0 0.0
0 0 1124608 345048 0 0 0 0 0 0 0 92918 2.3 1.0 96.7 0.0 0.0
0 0 1124608 345256 0 0 0 0 0 0 0 93019 2.4 1.1 96.5 0.0 0.0
0 0 1124608 345652 0 0 0 0 0 0 0 90895 2.4 1.2 96.3 0.0 0.0
0 0 1124608 337156 0 0 0 0 0 0 0 57277 2.9 1.4 95.8 0.0 0.0
0 0 1124608 202684 0 0 0 0 0 0 0 57547 3.5 1.5 95.0 0.0 0.0
0 0 1124608 203756 0 0 0 0 0 0 0 57360 3.1 1.2 95.7 0.0 0.0
0 0 1124608 203008 0 0 0 0 0 0 0 51953 4.0 2.4 93.6 0.0 0.0
0 0 1124608 181332 0 0 0 0 0 0 0 49968 3.2 1.4 95.4 0.0 0.0
0 0 1124608 173392 0 0 0 0 0 0 0 83935 2.8 1.4 95.8 0.0 0.0
0 0 1124608 309260 0 0 0 0 0 0 0 84081 2.4 1.2 96.4 0.0 0.0
0 0 1124608 309844 0 0 0 0 0 0 0 82469 2.6 1.2 96.2 0.0 0.0
0 0 1124608 303396 0 0 0 0 0 0 0 82353 2.3 1.3 96.4 0.0 0.0
0 0 1124608 302932 0 0 0 0 0 0 0 81000 2.6 1.2 96.2 0.0 0.0
0 0 1124608 297632 0 0 0 0 0 0 0 47533 2.9 2.1 95.1 0.0 0.0
0 0 1124608 163764 0 0 0 0 0 0 0 47400 3.5 1.6 94.9 0.0 0.0
0 0 1124608 163228 0 0 0 0 0 0 0 47569 3.3 1.5 95.2 0.0 0.0
0 0 1124608 163904 0 0 0 0 0 0 0 43646 3.8 1.9 94.3 0.0 0.0
0 0 1124608 148204 0 0 0 0 0 0 0 39448 3.3 1.7 95.0 0.0 0.0
0 0 1124608 131412 0 0 0 0 0 0 0 72372 3.1 1.6 95.3 0.0 0.0
0 0 1124608 263108 0 0 0 0 0 0 0 72278 2.3 1.0 96.7 0.0 0.0
0 0 1124608 262732 0 0 0 0 0 0 0 72377 2.3 1.1 96.7 0.0 0.0
0 0 1124608 263128 0 0 0 0 0 0 0 70938 2.6 1.3 96.1 0.0 0.0
0 0 1124608 257360 0 0 0 0 0 0 0 68712 3.3 1.3 95.4 0.0 0.0
0 0 1124608 248480 0 0 0 0 0 0 0 35494 3.4 1.7 94.8 0.0 0.0
0 0 1124608 115568 0 0 0 0 0 0 0 35244 3.3 1.6 95.1 0.0 0.0
0 0 1124608 114564 0 0 0 0 0 0 0 35334 3.2 2.1 94.7 0.0 0.0
0 0 1124608 114924 0 0 0 0 0 0 0 34962 4.4 1.4 94.2 0.0 0.0
0 0 1124608 113436 0 0 0 0 0 0 0 34855 3.5 1.4 95.1 0.0 0.0
0 0 1124608 112976 0 0 0 0 0 0 0 68417 3.0 1.6 95.4 0.0 0.0
0 0 1124608 247224 0 0 0 0 0 0 0 68508 2.4 1.0 96.6 0.0 0.0
0 0 1124608 247588 0 0 0 0 0 0 0 68522 3.5 1.7 94.8 0.0 0.0
0 0 1124608 247620 0 0 0 0 0 0 0 69088 3.0 1.1 95.9 0.0 0.0
0 0 1124608 249884 0 0 0 0 0 0 0 68453 2.6 1.1 96.3 0.0 0.0
0 0 1124608 247340 0 0 0 0 0 0 0 34288 2.9 1.7 95.4 0.0 0.0
0 0 1124608 110680 0 0 0 0 0 0 0 31946 3.6 1.7 94.6 0.0 0.0
0 0 1124608 101264 0 0 0 0 0 0 0 31718 3.4 1.4 95.3 0.0 0.0
0 0 1124608 100344 0 0 0 0 0 0 0 31170 3.6 1.6 94.8 0.0 0.0
0 0 1124608 97880 0 0 0 0 0 0 0 29481 3.4 1.5 95.1 0.0 0.0
0 0 1124608 90976 0 0 0 0 0 0 0 61624 4.7 2.2 93.1 0.0 0.0
0 0 1124608 218080 0 0 0 0 0 0 0 61734 4.0 1.3 94.7 0.0 0.0
0 0 1124608 218520 0 0 0 0 0 0 0 61494 2.4 1.2 96.3 0.0 0.0
0 0 1124608 217560 0 0 0 0 0 0 0 61552 3.0 1.1 95.9 0.0 0.0
0 0 1124608 217792 0 0 0 0 0 0 0 60413 3.3 1.8 94.9 0.0 0.0
0 0 1124608 213208 0 0 0 0 0 0 0 26617 3.5 2.5 94.0 0.0 0.0
0 0 1124608 78024 0 0 0 0 0 0 0 28169 3.5 1.6 94.9 0.0 0.0
0 0 1124608 84208 0 0 0 0 0 0 0 23335 4.8 1.9 93.3 0.0 0.0
0 0 1124608 64840 0 0 0 0 0 0 0 23187 3.6 1.3 95.1 0.0 0.0
0 0 1124608 64248 0 0 0 0 0 0 0 23182 3.7 1.4 94.9 0.0 0.0
0 0 1124608 64068 0 0 0 0 0 0 0 10270 4.6 1.8 93.6 0.0 0.0
0 0 1124608 14528 0 0 0 0 0 0 0 10510 3.4 1.2 95.4 0.0 0.0
0 0 1124608 15488 0 0 0 0 0 0 0 10805 2.2 1.1 96.6 0.0 0.0
0 0 1124608 16536 0 0 0 0 0 0 0 10619 2.4 1.1 96.4 0.0 0.0
0 0 1124608 15792 0 0 0 0 0 0 0 9718 2.4 1.1 96.6 0.0 0.0
0 0 1124608 17492 0 0 0 0 0 0 0 4556 3.4 1.5 95.1 0.0 0.0
0 0 1124608 16432 0 0 0 0 0 0 0 4354 3.4 1.6 95.0 0.0 0.0
0 0 1124608 15132 0 0 0 0 0 0 0 4583 3.3 1.6 95.1 0.0 0.0
0 0 1124608 16048 0 0 0 0 0 0 0 4405 3.6 1.4 95.1 0.0 0.0
0 0 1124608 15336 0 0 0 0 0 0 0 4420 3.4 1.4 95.2 0.0 0.0
0 0 1124608 15668 0 0 0 0 0 0 0 51607 6.2 3.7 90.0 0.0 0.0
0 0 1124608 205920 0 0 0 0 0 0 0 51557 4.0 1.1 94.9 0.0 0.0
0 0 1124608 205716 0 0 0 0 0 0 0 51648 2.9 1.2 95.9 0.0 0.0
0 0 1124608 206080 0 0 0 0 0 0 0 51781 2.3 1.2 96.5 0.0 0.0
0 0 1124608 206612 0 0 0 0 0 0 0 49820 2.7 1.4 95.9 0.0 0.0
0 0 1124608 198756 0 0 0 0 0 0 0 16866 4.1 2.2 93.7 0.0 0.0
0 0 1124608 66916 0 0 0 0 0 0 0 16619 3.3 1.6 95.1 0.0 0.0
0 0 1124608 65916 0 0 0 0 0 0 0 16516 3.3 1.4 95.3 0.0 0.0
0 0 1124608 65504 0 0 0 0 0 0 0 15345 3.5 1.4 95.1 0.0 0.0
0 0 1124608 60820 0 0 0 0 0 0 0 14109 3.4 1.4 95.2 0.0 0.0
0 0 1124608 55860 0 0 0 0 0 0 0 48244 3.0 1.5 95.5 0.0 0.0
0 0 1124608 192400 0 0 0 0 0 0 0 48256 2.4 1.0 96.6 0.0 0.0
0 0 1124608 192448 0 0 0 0 0 0 0 49754 2.3 1.3 96.4 0.0 0.0
0 0 1124608 198440 0 0 0 0 0 0 0 48303 2.3 1.0 96.7 0.0 0.0
0 0 1124608 192636 0 0 0 0 0 0 0 46382 2.4 1.1 96.5 0.0 0.0
0 0 1124608 184952 0 0 0 0 0 0 0 12930 3.0 2.1 94.9 0.0 0.0
0 0 1124608 51144 0 0 0 0 0 0 0 12905 3.6 1.6 94.8 0.0 0.0
0 0 1124608 51040 0 0 0 0 0 0 0 11340 3.6 1.6 94.9 0.0 0.0
0 0 1124608 44780 0 0 0 0 0 0 0 12506 3.4 1.4 95.2 0.0 0.0
0 0 1124608 49444 0 0 0 0 0 0 0 12378 3.3 1.5 95.2 0.0 0.0
0 0 1124608 48932 0 0 0 0 0 0 0 48521 3.0 1.7 95.3 0.0 0.0
0 0 1124608 194084 0 0 0 0 0 0 0 48698 3.7 1.1 95.3 0.0 0.0
0 0 1124608 194788 0 0 0 0 0 0 0 46391 2.8 1.6 95.6 0.0 0.0
0 0 1124608 185560 0 0 0 0 0 0 0 45536 2.8 1.9 95.3 0.0 0.0
0 0 1124608 182140 0 0 0 0 0 0 0 45025 2.9 1.2 95.9 0.0 0.0
0 0 1124608 179932 0 0 0 0 0 0 0 10592 3.4 1.8 94.8 0.0 0.0
0 0 1124608 41720 0 0 0 0 0 0 0 10483 3.2 1.4 95.3 0.0 0.0
0 0 1124608 41228 0 0 0 0 0 0 0 10633 3.3 2.0 94.7 0.0 0.0
0 0 1124608 41732 0 0 0 0 0 0 0 9476 3.5 1.5 95.0 0.0 0.0
0 0 1124608 36592 0 0 0 0 0 0 0 9603 3.5 1.6 94.9 0.0 0.0
0 0 1124608 37612 0 0 0 0 0 0 0 48084 2.7 1.4 95.9 0.0 0.0
0 0 1124608 191704 0 0 0 0 0 0 0 48209 2.4 1.3 96.3 0.0 0.0
0 0 1124608 192200 0 0 0 0 0 0 0 48448 2.2 1.1 96.7 0.0 0.0
0 0 1124608 193148 0 0 0 0 0 0 0 48423 2.4 1.1 96.6 0.0 0.0
0 0 1124608 193036 0 0 0 0 0 0 0 47383 2.5 1.0 96.5 0.0 0.0
0 0 1124608 188876 0 0 0 0 0 0 0 13649 3.1 1.7 95.2 0.0 0.0
0 0 1124608 53940 0 0 0 0 0 0 0 13796 3.3 1.5 95.2 0.0 0.0
0 0 1124608 54524 0 0 0 0 0 0 0 13626 3.4 1.3 95.2 0.0 0.0
0 0 1124608 53844 0 0 0 0 0 0 0 13735 3.7 1.5 94.8 0.0 0.0
0 0 1124608 54280 0 0 0 0 0 0 0 12151 3.4 1.5 95.1 0.0 0.0
0 0 1124608 47940 0 0 0 0 0 0 0 48585 2.8 1.5 95.7 0.0 0.0
0 0 1124608 194336 0 0 0 0 0 0 0 48386 3.2 1.1 95.7 0.0 0.0
0 0 1124608 193524 0 0 0 0 0 0 0 49106 2.3 1.1 96.6 0.0 0.0
0 0 1124608 196404 0 0 0 0 0 0 0 48725 2.6 1.2 96.2 0.0 0.0
0 0 1124608 194880 0 0 0 0 0 0 0 49102 2.2 1.2 96.6 0.0 0.0
0 0 1124608 196388 0 0 0 0 0 0 0 14887 3.0 2.1 94.9 0.0 0.0
0 0 1124608 59528 0 0 0 0 0 0 0 12570 4.0 2.0 94.0 0.0 0.0
0 0 1124608 49916 0 0 0 0 0 0 0 7382 3.9 1.8 94.4 0.0 0.0
0 0 1124608 29164 0 0 0 0 0 0 0 7799 3.4 1.6 95.1 0.0 0.0
0 0 1124608 30832 0 0 0 0 0 0 0 7878 3.4 1.4 95.3 0.0 0.0
0 0 1124608 31148 0 0 0 0 0 0 0 48457 2.6 1.6 95.8 0.0 0.0
0 0 1124608 193484 0 0 0 0 0 0 0 48411 2.3 1.1 96.6 0.0 0.0
0 0 1124608 193280 0 0 0 0 0 0 0 48401 2.2 1.6 96.2 0.0 0.0
0 0 1124608 193240 0 0 0 0 0 0 0 48248 2.3 1.1 96.6 0.0 0.0
0 0 1124608 192628 0 0 0 0 0 0 0 47752 2.5 1.2 96.3 0.0 0.0
0 0 1124608 190644 0 0 0 0 0 0 0 13715 3.0 1.6 95.4 0.0 0.0
0 0 1124608 54284 0 0 0 0 0 0 0 13513 3.5 1.5 95.0 0.0 0.0
0 0 1124608 53472 0 0 0 0 0 0 0 13962 3.4 1.5 95.1 0.0 0.0
0 0 1124608 55268 0 0 0 0 0 0 0 13980 3.4 1.4 95.1 0.0 0.0
0 0 1124608 55320 0 0 0 0 0 0 0 13020 3.4 1.4 95.1 0.0 0.0
0 0 1124608 51360 0 0 0 0 0 0 0 48081 2.8 1.4 95.8 0.0 0.0
0 0 1124608 191972 0 0 0 0 0 0 0 48051 2.4 1.1 96.6 0.0 0.0
0 0 1124608 191848 0 0 0 0 0 0 0 47860 2.3 1.1 96.6 0.0 0.0
0 0 1124608 191052 0 0 0 0 0 0 0 47786 2.5 1.0 96.5 0.0 0.0
0 0 1124608 190744 0 0 0 0 0 0 0 48037 2.4 1.2 96.4 0.0 0.0
0 0 1124608 191748 0 0 0 0 0 0 0 12595 3.2 1.5 95.3 0.0 0.0
0 0 1124608 49980 0 0 0 0 0 0 0 12569 3.5 1.6 95.0 0.0 0.0
0 0 1124608 49544 0 0 0 0 0 0 0 12691 3.4 1.6 95.0 0.0 0.0
0 0 1124608 50024 0 0 0 0 0 0 0 12755 3.5 1.4 95.1 0.0 0.0
0 0 1124608 50280 0 0 0 0 0 0 0 12532 3.4 1.4 95.2 0.0 0.0
0 0 1124608 49388 0 0 0 0 0 0 0 47757 2.9 1.7 95.4 0.0 0.0
0 0 1124608 190684 0 0 0 0 0 0 0 45701 2.8 1.9 95.3 0.0 0.0
0 0 1124608 182432 0 0 0 0 0 0 0 45535 2.8 1.9 95.3 0.0 0.0
0 0 1124608 181816 0 0 0 0 0 0 0 46059 2.4 1.2 96.3 0.0 0.0
0 0 1124608 183840 0 0 0 0 0 0 0 46077 2.4 1.1 96.5 0.0 0.0
0 0 1124608 183912 0 0 0 0 0 0 0 5077 4.4 2.7 92.8 0.0 0.0
0 0 1124608 16344 0 0 0 0 0 0 0 6173 3.4 1.9 94.7 0.0 0.0
0 0 1124608 20368 0 0 0 0 0 0 0 6225 3.3 1.4 95.3 0.0 0.0
0 0 1124608 20572 0 0 0 0 0 0 0 6701 4.0 2.0 94.0 0.0 0.0
0 0 1124608 20848 0 0 0 0 0 0 0 6353 3.7 1.4 94.9 0.0 0.0
0 0 1124608 19968 0 0 0 0 0 0 0 48578 2.6 1.8 95.6 0.0 0.0
0 0 1124608 188892 0 0 0 0 0 0 0 46826 2.4 1.1 96.6 0.0 0.0
0 0 1124608 181884 0 0 0 0 0 0 0 47760 2.2 1.1 96.6 0.0 0.0
0 0 1124608 185620 0 0 0 0 0 0 0 48874 2.6 1.1 96.3 0.0 0.0
0 0 1124608 190076 0 0 0 0 0 0 0 48961 2.6 1.1 96.3 0.0 0.0
0 0 1124608 190424 0 0 0 0 0 0 0 15953 3.1 1.6 95.4 0.0 0.0
0 0 1124608 58392 0 0 0 0 0 0 0 16136 3.3 1.4 95.2 0.0 0.0
0 0 1124608 59124 0 0 0 0 0 0 0 16517 3.3 2.1 94.6 0.0 0.0
0 0 1124608 60616 0 0 0 0 0 0 0 15065 3.4 1.6 94.9 0.0 0.0
0 0 1124608 54808 0 0 0 0 0 0 0 14987 3.4 1.4 95.1 0.0 0.0
0 0 1124608 54488 0 0 0 0 0 0 0 48361 2.7 1.4 95.9 0.0 0.0
0 0 1124608 193404 0 0 0 0 0 0 0 47517 2.5 1.3 96.2 0.0 0.0
0 0 1124608 189444 0 0 0 0 0 0 0 45703 2.9 1.1 96.0 0.0 0.0
0 0 1124608 182032 0 0 0 0 0 0 0 45734 2.4 1.1 96.6 0.0 0.0
0 0 1124608 182144 0 0 0 0 0 0 0 43838 2.4 1.1 96.4 0.0 0.0
0 0 1124608 174560 0 0 0 0 0 0 0 10985 3.2 1.6 95.3 0.0 0.0
0 0 1124608 43148 0 0 0 0 0 0 0 11264 3.4 1.6 95.0 0.0 0.0
0 0 1124608 44208 0 0 0 0 0 0 0 5057 3.6 1.8 94.6 0.0 0.0
0 0 1124608 19368 0 0 0 0 0 0 0 4414 3.5 1.8 94.7 0.0 0.0
0 0 1124608 17600 0 0 0 0 0 0 0 4182 3.6 1.6 94.8 0.0 0.0
0 0 1124608 16156 0 0 0 0 0 0 0 46741 2.8 2.1 95.1 0.0 0.0
0 0 1124608 186904 0 0 0 0 0 0 0 46883 2.5 1.2 96.3 0.0 0.0
0 0 1124608 187472 0 0 0 0 0 0 0 47719 2.4 1.1 96.6 0.0 0.0
0 0 1124608 190800 0 0 0 0 0 0 0 46359 2.3 1.1 96.6 0.0 0.0
0 0 1124608 185356 0 0 0 0 0 0 0 46379 3.6 1.7 94.8 0.0 0.0
0 0 1124608 185436 0 0 0 0 0 0 0 10459 3.2 1.6 95.3 0.0 0.0
0 0 1124608 41756 0 0 0 0 0 0 0 10671 3.4 1.6 95.1 0.0 0.0
0 0 1124608 41812 0 0 0 0 0 0 0 9197 3.6 1.5 94.9 0.0 0.0
0 0 1124608 36428 0 0 0 0 0 0 0 9299 3.6 1.3 95.0 0.0 0.0
0 0 1124608 36836 0 0 0 0 0 0 0 9253 3.4 1.5 95.1 0.0 0.0
0 0 1124608 36652 0 0 0 0 0 0 0 4892 2.6 1.6 95.9 0.0 0.0
0 0 1124608 19288 0 0 0 0 0 0 0 4765 2.4 1.1 96.6 0.0 0.0
0 0 1124608 18776 0 0 0 0 0 0 0 4803 2.2 1.2 96.6 0.0 0.0
0 0 1124608 18928 0 0 0 0 0 0 0 4674 2.4 1.1 96.6 0.0 0.0
0 0 1124608 18412 0 0 0 0 0 0 0 4554 2.3 1.1 96.6 0.0 0.0
0 0 1124608 17932 0 0 0 0 0 0 0 4557 3.4 1.9 94.7 0.0 0.0
0 0 1124608 17720 0 0 0 0 0 0 0 4507 3.2 1.4 95.3 0.0 0.0
0 0 1124608 17688 0 0 0 0 0 0 0 4935 3.6 1.4 94.9 0.0 0.0
0 0 1124608 19400 0 0 0 0 0 0 0 4829 3.4 1.4 95.2 0.0 0.0
0 0 1124608 18976 0 0 0 0 0 0 0 4946 3.3 1.3 95.4 0.0 0.0
0 0 1124608 19444 0 0 0 0 0 0 0 53273 2.6 1.4 96.0 0.0 0.0
0 0 1124608 212752 0 0 0 0 0 0 0 50245 2.9 1.8 95.3 0.0 0.0
0 0 1124608 200608 0 0 0 0 0 0 0 50423 2.9 1.5 95.6 0.0 0.0
0 0 1124608 201320 0 0 0 0 0 0 0 50396 2.2 1.1 96.8 0.0 0.0
0 0 1124608 201188 0 0 0 0 0 0 0 50389 2.6 1.1 96.3 0.0 0.0
0 0 1124608 201160 0 0 0 0 0 0 0 17018 3.2 1.7 95.1 0.0 0.0
0 0 1124608 67676 0 0 0 0 0 0 0 17014 3.4 1.6 95.1 0.0 0.0
0 0 1124608 67640 0 0 0 0 0 0 0 17077 3.5 1.4 95.1 0.0 0.0
0 0 1124608 67760 0 0 0 0 0 0 0 17460 3.5 1.3 95.2 0.0 0.0
0 0 1124608 69280 0 0 0 0 0 0 0 17307 3.4 1.6 95.1 0.0 0.0
0 0 1124608 68668 0 0 0 0 0 0 0 51330 2.7 1.4 95.9 0.0 0.0
0 0 1124608 204776 0 0 0 0 0 0 0 51183 2.4 1.1 96.4 0.0 0.0
0 0 1124608 204172 0 0 0 0 0 0 0 50883 2.5 1.2 96.3 0.0 0.0
0 0 1124608 202972 0 0 0 0 0 0 0 50791 2.4 1.0 96.6 0.0 0.0
0 0 1124608 202604 0 0 0 0 0 0 0 50701 2.6 1.8 95.6 0.0 0.0
0 0 1124608 202276 0 0 0 0 0 0 0 16712 3.2 1.4 95.4 0.0 0.0
0 0 1124608 66288 0 0 0 0 0 0 0 15647 3.5 1.6 94.9 0.0 0.0
0 0 1124608 62024 0 0 0 0 0 0 0 15533 3.4 1.4 95.1 0.0 0.0
0 0 1124608 61568 0 0 0 0 0 0 0 15751 3.4 1.3 95.3 0.0 0.0
0 0 1124608 62440 0 0 0 0 0 0 0 15748 3.4 1.4 95.2 0.0 0.0
0 0 1124608 62600 0 0 0 0 0 0 0 48438 2.6 1.6 95.8 0.0 0.0
0 0 1124608 193188 0 0 0 0 0 0 0 48619 2.5 1.1 96.4 0.0 0.0
0 0 1124608 193912 0 0 0 0 0 0 0 47049 2.9 1.6 95.4 0.0 0.0
0 0 1124608 187612 0 0 0 0 0 0 0 46754 2.9 1.9 95.3 0.0 0.0
0 0 1124608 186432 0 0 0 0 0 0 0 46928 2.6 1.2 96.3 0.0 0.0
0 0 1124608 187124 0 0 0 0 0 0 0 13719 3.0 2.4 94.6 0.0 0.0
0 0 1124608 54296 0 0 0 0 0 0 0 14817 3.2 2.1 94.6 0.0 0.0
0 0 1124608 58672 0 0 0 0 0 0 0 13406 3.5 1.9 94.6 0.0 0.0
0 0 1124608 52980 0 0 0 0 0 0 0 13239 3.2 2.1 94.6 0.0 0.0
0 0 1124608 52312 0 0 0 0 0 0 0 13278 3.2 2.0 94.8 0.0 0.0
0 0 1124608 52336 0 0 0 0 0 0 0 47524 2.8 2.2 95.0 0.0 0.0
0 0 1124608 189924 0 0 0 0 0 0 0 44441 2.6 2.3 95.1 0.0 0.0
0 0 1124608 176748 0 0 0 0 0 0 0 44316 2.4 1.6 96.1 0.0 0.0
0 0 1124608 176224 0 0 0 0 0 0 0 44492 2.1 1.6 96.3 0.0 0.0
0 0 1124608 176928 0 0 0 0 0 0 0 42715 2.5 1.6 95.9 0.0 0.0
0 0 1124608 169816 0 0 0 0 0 0 0 9021 3.2 2.2 94.6 0.0 0.0
0 0 1124608 34912 0 0 0 0 0 0 0 8924 3.7 2.2 94.1 0.0 0.0
0 0 1124608 34168 0 0 0 0 0 0 0 8952 3.1 1.3 95.6 0.0 0.0
0 0 1124608 34280 0 0 0 0 0 0 0 8900 3.5 1.5 95.0 0.0 0.0
0 0 1124608 34072 0 0 0 0 0 0 0 9019 3.6 1.4 95.0 0.0 0.0
0 0 1124608 34548 0 0 0 0 0 0 0 46031 2.5 1.6 95.9 0.0 0.0
0 0 1124608 183660 0 0 0 0 0 0 0 45862 2.1 1.1 96.8 0.0 0.0
0 0 1124608 182500 0 0 0 0 0 0 0 43577 2.9 1.7 95.4 0.0 0.0
0 0 1124608 173376 0 0 0 0 0 0 0 42328 2.6 1.8 95.6 0.0 0.0
0 0 1124608 168364 0 0 0 0 0 0 0 40437 2.4 1.5 96.1 0.0 0.0
0 0 1124608 160776 0 0 0 0 0 0 0 6424 3.1 1.7 95.2 0.0 0.0
0 0 1124608 24684 0 0 0 0 0 0 0 6161 3.4 1.4 95.2 0.0 0.0
0 0 1124608 23632 0 0 0 0 0 0 0 6359 3.2 1.4 95.4 0.0 0.0
0 0 1124608 24408 0 0 0 0 0 0 0 5064 3.4 1.3 95.3 0.0 0.0
0 0 1124608 19224 0 0 0 0 0 0 0 4554 3.6 1.6 94.9 0.0 0.0
0 0 1124608 18148 0 0 0 0 0 0 0 46692 2.7 2.2 95.0 0.0 0.0
0 0 1124608 186616 0 0 0 0 0 0 0 46376 2.2 1.1 96.6 0.0 0.0
0 0 1124608 184984 0 0 0 0 0 0 0 45339 2.4 1.1 96.4 0.0 0.0
0 0 1124608 180636 0 0 0 0 0 0 0 45258 2.4 1.2 96.4 0.0 0.0
0 0 1124608 179960 0 0 0 0 0 0 0 42586 2.5 1.2 96.3 0.0 0.0
0 0 1124608 169264 0 0 0 0 0 0 0 4160 3.6 1.8 94.6 0.0 0.0
0 0 1124608 15524 0 0 0 0 0 0 0 4911 3.3 1.7 95.0 0.0 0.0
0 0 1124608 18276 0 0 0 0 0 0 0 6392 3.5 1.6 94.9 0.0 0.0
0 0 1124608 24160 0 0 0 0 0 0 0 5763 3.6 1.5 94.9 0.0 0.0
0 0 1124608 21644 0 0 0 0 0 0 0 5524 3.5 1.5 95.0 0.0 0.0
0 0 1124608 20456 0 0 0 0 0 0 0 4736 2.9 1.9 95.2 0.0 0.0
0 0 1124608 18224 0 0 0 0 0 0 0 4939 3.2 1.2 95.6 0.0 0.0
0 0 1124608 19036 0 0 0 0 0 0 0 3724 2.9 1.8 95.3 0.0 0.0
0 0 1124608 14600 0 0 0 0 0 0 0 4441 3.0 1.8 95.2 0.0 0.0
0 0 1124608 17464 0 0 0 0 0 0 0 3709 2.7 1.3 96.0 0.0 0.0
0 0 1124608 14532 0 0 0 0 0 0 0 4722 5.1 2.2 92.7 0.0 0.0
0 0 1124608 18656 0 0 0 0 0 0 0 4731 3.4 1.5 95.1 0.0 0.0
0 0 1124608 18356 0 0 0 0 0 0 0 8690 3.6 1.7 94.7 0.0 0.0
0 0 1139712 34168 0 0 0 0 0 0 0 9111 3.8 1.5 94.7 0.0 0.0
0 0 1139712 35816 0 0 0 0 0 0 0 9112 3.3 1.4 95.3 0.0 0.0
0 0 1139712 35820 0 0 0 0 0 0 0 5148 2.6 1.4 96.0 0.0 0.0
0 0 1140736 20168 0 0 0 0 0 0 0 5206 2.4 1.1 96.6 0.0 0.0
0 0 1140736 20400 0 0 0 0 0 0 0 5143 2.8 1.2 96.0 0.0 0.0
0 0 1140736 19992 0 0 0 0 0 0 0 5031 2.3 1.2 96.5 0.0 0.0
0 0 1140736 19444 0 0 0 0 0 0 0 5094 2.4 1.7 96.0 0.0 0.0
0 0 1140736 19696 0 0 0 0 0 0 0 7334 3.9 1.5 94.7 0.0 0.0
0 0 1140736 28656 0 0 0 0 0 0 0 7340 3.4 1.6 95.0 0.0 0.0
0 0 1140736 28680 0 0 0 0 0 0 0 7171 3.7 1.5 94.8 0.0 0.0
0 0 1140736 27280 0 0 0 0 0 0 0 5914 3.5 1.4 95.1 0.0 0.0
0 0 1140736 21272 0 0 0 0 0 0 0 5668 3.4 1.5 95.1 0.0 0.0
0 0 1140736 20288 0 0 0 0 0 0 0 4291 2.5 1.4 96.1 0.0 0.0
0 0 1143552 15456 0 0 0 0 0 0 0 5584 2.6 1.2 96.1 0.0 0.0
0 0 1144320 20624 0 0 0 0 0 0 0 4916 3.0 1.6 95.3 0.0 0.0
0 0 1144576 17952 0 0 0 0 0 0 0 4138 2.9 1.9 95.2 0.0 0.0
0 0 1144576 14832 0 0 0 0 0 0 0 6895 2.7 1.4 95.9 0.0 0.0
0 0 1152768 27528 0 0 0 0 0 0 0 5841 3.7 1.5 94.8 0.0 0.0
0 0 1152768 23288 0 0 0 0 0 0 0 5532 3.4 1.5 95.2 0.0 0.0
0 0 1152768 21716 0 0 0 0 0 0 0 5489 3.5 1.6 94.9 0.0 0.0
0 0 1152768 21528 0 0 0 0 0 0 0 5536 3.5 1.3 95.2 0.0 0.0
0 0 1152768 21716 0 0 0 0 0 0 0 6984 3.5 1.4 95.1 0.0 0.0
0 0 1152768 27508 0 0 0 0 0 0 0 56629 2.4 1.4 96.2 0.0 0.0
0 0 1152768 226088 0 0 0 0 0 0 0 56051 2.5 1.3 96.2 0.0 0.0
0 0 1152768 223712 0 0 0 0 0 0 0 55926 2.7 1.2 96.1 0.0 0.0
0 0 1152768 222964 0 0 0 0 0 0 0 55973 2.6 1.1 96.3 0.0 0.0
0 0 1152768 223032 0 0 0 0 0 0 0 55650 2.3 1.1 96.6 0.0 0.0
0 0 1152768 221736 0 0 0 0 0 0 0 23183 3.4 1.9 94.7 0.0 0.0
0 0 1152768 91836 0 0 0 0 0 0 0 23099 3.6 1.6 94.8 0.0 0.0
0 0 1152768 91500 0 0 0 0 0 0 0 23144 3.4 1.4 95.2 0.0 0.0
0 0 1152768 91648 0 0 0 0 0 0 0 23097 3.4 1.4 95.1 0.0 0.0
0 0 1152768 91460 0 0 0 0 0 0 0 22057 3.5 1.6 95.0 0.0 0.0
0 0 1152768 87300 0 0 0 0 0 0 0 56480 2.5 1.2 96.3 0.0 0.0
0 0 1152768 224992 0 0 0 0 0 0 0 56560 2.3 1.1 96.6 0.0 0.0
0 0 1152768 225312 0 0 0 0 0 0 0 56339 2.5 1.4 96.1 0.0 0.0
0 0 1152768 224428 0 0 0 0 0 0 0 56313 2.4 1.0 96.6 0.0 0.0
0 0 1152768 224324 0 0 0 0 0 0 0 56214 2.6 1.7 95.7 0.0 0.0
0 0 1152768 223928 0 0 0 0 0 0 0 22320 3.5 1.7 94.8 0.0 0.0
0 0 1152768 88224 0 0 0 0 0 0 0 22216 3.5 1.5 95.0 0.0 0.0
0 0 1152768 87804 0 0 0 0 0 0 0 22412 3.4 1.6 95.1 0.0 0.0
0 0 1152768 88588 0 0 0 0 0 0 0 19574 3.9 1.7 94.4 0.0 0.0
0 0 1152768 77368 0 0 0 0 0 0 0 19303 3.5 1.9 94.6 0.0 0.0
0 0 1152768 76284 0 0 0 0 0 0 0 53166 2.3 1.3 96.4 0.0 0.0
0 0 1152768 211736 0 0 0 0 0 0 0 53127 2.5 1.1 96.3 0.0 0.0
0 0 1152768 211580 0 0 0 0 0 0 0 52213 2.4 1.1 96.5 0.0 0.0
0 0 1152768 207924 0 0 0 0 0 0 0 52116 2.2 1.1 96.8 0.0 0.0
0 0 1152768 207524 0 0 0 0 0 0 0 51892 2.5 1.2 96.3 0.0 0.0
0 0 1152768 206500 0 0 0 0 0 0 0 17115 3.4 1.7 95.0 0.0 0.0
0 0 1152768 67392 0 0 0 0 0 0 0 16535 3.5 1.6 94.8 0.0 0.0
0 0 1152768 65068 0 0 0 0 0 0 0 16572 3.6 1.5 95.0 0.0 0.0
0 0 1152768 65184 0 0 0 0 0 0 0 16757 3.5 1.4 95.0 0.0 0.0
0 0 1152768 65924 0 0 0 0 0 0 0 4977 3.4 1.4 95.2 0.0 0.0
0 0 1152768 18784 0 0 0 0 0 0 0 4983 2.3 1.2 96.5 0.0 0.0
0 0 1152768 18808 0 0 0 0 0 0 0 5940 2.7 1.1 96.1 0.0 0.0
0 0 1152768 22636 0 0 0 0 0 0 0 5955 2.4 1.2 96.5 0.0 0.0
0 0 1152768 22696 0 0 0 0 0 0 0 5804 2.3 1.1 96.7 0.0 0.0
0 0 1152768 22092 0 0 0 0 0 0 0 8528 2.7 1.3 96.0 0.0 0.0
0 0 1153280 34092 0 0 0 0 0 0 0 5474 3.4 1.6 95.1 0.0 0.0
0 0 1153536 21892 0 0 0 0 0 0 0 5585 3.5 1.5 95.0 0.0 0.0
0 0 1153536 22004 0 0 0 0 0 0 0 5311 3.8 1.6 94.7 0.0 0.0
0 0 1153536 20908 0 0 0 0 0 0 0 5418 3.2 1.4 95.3 0.0 0.0
0 0 1153536 21336 0 0 0 0 0 0 0 6336 3.7 1.6 94.7 0.0 0.0
0 0 1161728 24880 0 0 0 0 0 0 0 6301 2.2 1.1 96.7 0.0 0.0
0 0 1161728 24740 0 0 0 0 0 0 0 15697 2.9 2.1 95.1 0.0 0.0
0 0 1161728 62344 0 0 0 0 0 0 0 13183 3.5 2.1 94.5 0.0 0.0
0 0 1161728 52268 0 0 0 0 0 0 0 12957 2.5 1.1 96.3 0.0 0.0
0 0 1161728 51124 0 0 0 0 0 0 0 14491 2.8 2.0 95.2 0.0 0.0
0 0 1161728 57260 0 0 0 0 0 0 0 14143 3.8 1.5 94.7 0.0 0.0
0 0 1161728 55868 0 0 0 0 0 0 0 14061 3.6 1.7 94.7 0.0 0.0
0 0 1161728 55516 0 0 0 0 0 0 0 14065 3.6 1.5 94.9 0.0 0.0
0 0 1161728 55496 0 0 0 0 0 0 0 13132 3.3 1.4 95.3 0.0 0.0
0 0 1161728 51764 0 0 0 0 0 0 0 7960 3.7 1.6 94.7 0.0 0.0
0 0 1161728 31076 0 0 0 0 0 0 0 8108 2.4 1.2 96.5 0.0 0.0
0 0 1161728 31668 0 0 0 0 0 0 0 8035 2.2 1.1 96.7 0.0 0.0
0 0 1161728 31376 0 0 0 0 0 0 0 9087 3.6 1.2 95.2 0.0 0.0
0 0 1161728 35584 0 0 0 0 0 0 0 6912 2.4 1.1 96.5 0.0 0.0
0 0 1161728 26884 0 0 0 0 0 0 0 9928 2.8 1.3 95.9 0.0 0.0
0 0 1161728 38948 0 0 0 0 0 0 0 10021 3.3 1.4 95.4 0.0 0.0
0 0 1161728 39320 0 0 0 0 0 0 0 9904 3.4 1.5 95.1 0.0 0.0
0 0 1161728 38848 0 0 0 0 0 0 0 10059 4.0 1.5 94.5 0.0 0.0
0 0 1161728 39468 0 0 0 0 0 0 0 9225 3.5 1.5 95.0 0.0 0.0
0 0 1161728 36132 0 0 0 0 0 0 0 4950 3.4 1.4 95.2 0.0 0.0
0 0 1161728 19064 0 0 0 0 0 0 0 5224 2.5 1.1 96.5 0.0 0.0
0 0 1161728 20128 0 0 0 0 0 0 0 5513 2.4 1.2 96.5 0.0 0.0
0 0 1161728 21284 0 0 0 0 0 0 0 6541 2.4 1.1 96.6 0.0 0.0
0 0 1161728 25384 0 0 0 0 0 0 0 5710 2.7 1.2 96.1 0.0 0.0
0 0 1161728 22096 0 0 0 0 0 0 0 4382 3.5 2.1 94.5 0.0 0.0
0 0 1161728 16736 0 0 0 0 0 0 0 4728 3.7 2.0 94.3 0.0 0.0
0 0 1161728 18088 0 0 0 0 0 0 0 4539 3.7 1.5 94.8 0.0 0.0
0 0 1161728 17332 0 0 0 0 0 0 0 4456 3.3 1.6 95.0 0.0 0.0
0 0 1161728 16996 0 0 0 0 0 0 0 4568 3.7 1.3 95.0 0.0 0.0
0 0 1161728 17384 0 0 0 0 0 0 0 54081 3.4 1.9 94.7 0.0 0.0
0 0 1161728 215316 0 0 0 0 0 0 0 51663 2.6 1.1 96.3 0.0 0.0
0 0 1161728 205644 0 0 0 0 0 0 0 51753 5.6 1.6 92.8 0.0 0.0
0 0 1161728 205996 0 0 0 0 0 0 0 51914 2.5 1.2 96.3 0.0 0.0
0 0 1161728 206640 0 0 0 0 0 0 0 51845 2.9 1.9 95.2 0.0 0.0
0 0 1161728 206360 0 0 0 0 0 0 0 20068 3.7 1.7 94.6 0.0 0.0
0 0 1161728 79252 0 0 0 0 0 0 0 19985 3.2 1.4 95.4 0.0 0.0
0 0 1161728 78920 0 0 0 0 0 0 0 21231 3.7 1.6 94.7 0.0 0.0
0 0 1161728 83900 0 0 0 0 0 0 0 21178 3.5 1.4 95.1 0.0 0.0
0 0 1161728 83688 0 0 0 0 0 0 0 21092 3.4 1.3 95.3 0.0 0.0
0 0 1161728 83344 0 0 0 0 0 0 0 54955 3.4 1.7 94.9 0.0 0.0
0 0 1161728 218796 0 0 0 0 0 0 0 55134 2.7 1.2 96.1 0.0 0.0
0 0 1161728 219512 0 0 0 0 0 0 0 54561 5.0 1.4 93.5 0.0 0.0
0 0 1161728 217192 0 0 0 0 0 0 0 54592 2.3 1.1 96.7 0.0 0.0
0 0 1161728 217316 0 0 0 0 0 0 0 54572 2.5 1.2 96.3 0.0 0.0
0 0 1161728 217236 0 0 0 0 0 0 0 20288 2.8 1.4 95.8 0.0 0.0
0 0 1161728 80100 0 0 0 0 0 0 0 20214 3.1 1.4 95.4 0.0 0.0
0 0 1161728 79796 0 0 0 0 0 0 0 20304 3.6 1.4 95.0 0.0 0.0
0 0 1161728 80152 0 0 0 0 0 0 0 20147 3.5 1.5 95.0 0.0 0.0
0 0 1161728 79524 0 0 0 0 0 0 0 19884 4.0 2.0 94.0 0.0 0.0
0 0 1161728 78472 0 0 0 0 0 0 0 53033 3.7 2.1 94.1 0.0 0.0
0 0 1161728 211068 0 0 0 0 0 0 0 53113 2.1 1.1 96.8 0.0 0.0
0 0 1161728 211368 0 0 0 0 0 0 0 52915 2.5 1.2 96.3 0.0 0.0
0 0 1161728 210568 0 0 0 0 0 0 0 52910 3.0 1.0 96.0 0.0 0.0
0 0 1161728 210548 0 0 0 0 0 0 0 52853 2.5 1.2 96.3 0.0 0.0
0 0 1161728 210308 0 0 0 0 0 0 0 20494 2.6 1.4 96.1 0.0 0.0
0 0 1161728 80748 0 0 0 0 0 0 0 20286 3.5 1.5 95.0 0.0 0.0
0 0 1161728 79916 0 0 0 0 0 0 0 20287 3.7 1.6 94.7 0.0 0.0
0 0 1161728 79920 0 0 0 0 0 0 0 18394 3.3 1.4 95.3 0.0 0.0
0 0 1161728 72348 0 0 0 0 0 0 0 18557 3.6 1.4 94.9 0.0 0.0
0 0 1161728 73000 0 0 0 0 0 0 0 52423 3.2 1.4 95.4 0.0 0.0
0 0 1161728 208464 0 0 0 0 0 0 0 52231 2.2 1.2 96.7 0.0 0.0
0 0 1161728 207696 0 0 0 0 0 0 0 51715 3.1 1.4 95.6 0.0 0.0
0 0 1161728 205620 0 0 0 0 0 0 0 52101 2.6 1.2 96.2 0.0 0.0
0 0 1161728 207164 0 0 0 0 0 0 0 51912 2.2 1.7 96.1 0.0 0.0
0 0 1161728 206408 0 0 0 0 0 0 0 18180 3.0 1.5 95.5 0.0 0.0
0 0 1161728 71480 0 0 0 0 0 0 0 17254 3.5 1.6 95.0 0.0 0.0
0 0 1161728 67776 0 0 0 0 0 0 0 17256 3.5 1.4 95.1 0.0 0.0
0 0 1161728 67780 0 0 0 0 0 0 0 17381 3.7 1.5 94.8 0.0 0.0
0 0 1161728 68280 0 0 0 0 0 0 0 17382 3.7 1.6 94.8 0.0 0.0
0 0 1161728 68152 0 0 0 0 0 0 0 52185 3.2 1.5 95.3 0.0 0.0
0 0 1161728 207364 0 0 0 0 0 0 0 51154 3.2 2.0 94.8 0.0 0.0
0 0 1161728 203004 0 0 0 0 0 0 0 51413 2.6 1.2 96.2 0.0 0.0
0 0 1161728 204040 0 0 0 0 0 0 0 51419 2.4 1.2 96.4 0.0 0.0
0 0 1161728 204064 0 0 0 0 0 0 0 51491 2.2 1.1 96.6 0.0 0.0
0 0 1161728 204352 0 0 0 0 0 0 0 17128 4.0 1.6 94.4 0.0 0.0
0 0 1161728 66888 0 0 0 0 0 0 0 17008 3.4 1.5 95.1 0.0 0.0
0 0 1161728 66408 0 0 0 0 0 0 0 18045 3.4 1.4 95.1 0.0 0.0
0 0 1161728 70556 0 0 0 0 0 0 0 18068 3.5 1.6 94.9 0.0 0.0
0 0 1161728 70648 0 0 0 0 0 0 0 18043 3.4 1.3 95.3 0.0 0.0
0 0 1161728 70548 0 0 0 0 0 0 0 6159 3.2 1.7 95.2 0.0 0.0
0 0 1161728 23012 0 0 0 0 0 0 0 6232 2.4 0.9 96.8 0.0 0.0
0 0 1161728 23304 0 0 0 0 0 0 0 6062 2.4 1.2 96.4 0.0 0.0
0 0 1161728 22616 0 0 0 0 0 0 0 5499 2.2 1.1 96.6 0.0 0.0
0 0 1161728 20236 0 0 0 0 0 0 0 6350 2.4 1.0 96.6 0.0 0.0
0 0 1161728 23640 0 0 0 0 0 0 0 4573 3.0 1.4 95.5 0.0 0.0
0 0 1161728 16532 0 0 0 0 0 0 0 5581 3.4 1.6 95.0 0.0 0.0
0 0 1161728 20540 0 0 0 0 0 0 0 6089 3.6 1.5 94.9 0.0 0.0
0 0 1161728 22568 0 0 0 0 0 0 0 5879 3.6 1.5 94.9 0.0 0.0
0 0 1161728 21728 0 0 0 0 0 0 0 6009 3.4 1.6 95.0 0.0 0.0
0 0 1161728 22248 0 0 0 0 0 0 0 54443 2.9 1.4 95.7 0.0 0.0
0 0 1161728 215984 0 0 0 0 0 0 0 53386 2.9 1.7 95.5 0.0 0.0
0 0 1161728 211756 0 0 0 0 0 0 0 50736 3.2 2.0 94.8 0.0 0.0
0 0 1161728 201132 0 0 0 0 0 0 0 49490 2.7 1.6 95.6 0.0 0.0
0 0 1161728 195636 0 0 0 0 0 0 0 49300 2.4 1.8 95.8 0.0 0.0
0 0 1161728 194876 0 0 0 0 0 0 0 14975 3.3 1.6 95.1 0.0 0.0
0 0 1161728 57576 0 0 0 0 0 0 0 15110 3.4 1.5 95.1 0.0 0.0
0 0 1161728 58100 0 0 0 0 0 0 0 14960 3.3 1.3 95.4 0.0 0.0
0 0 1161728 57500 0 0 0 0 0 0 0 15478 3.5 1.6 94.9 0.0 0.0
0 0 1161728 59572 0 0 0 0 0 0 0 15389 3.4 1.4 95.2 0.0 0.0
0 0 1161728 59216 0 0 0 0 0 0 0 50095 2.9 1.5 95.6 0.0 0.0
0 0 1161728 198040 0 0 0 0 0 0 0 50216 2.4 1.2 96.5 0.0 0.0
0 0 1161728 198524 0 0 0 0 0 0 0 49341 2.5 1.1 96.5 0.0 0.0
0 0 1161728 195024 0 0 0 0 0 0 0 49488 2.2 1.1 96.8 0.0 0.0
0 0 1161728 195608 0 0 0 0 0 0 0 49450 2.5 1.0 96.5 0.0 0.0
0 0 1161728 195456 0 0 0 0 0 0 0 14732 2.9 1.6 95.6 0.0 0.0
0 0 1161728 56584 0 0 0 0 0 0 0 15120 3.2 1.4 95.5 0.0 0.0
0 0 1161728 58112 0 0 0 0 0 0 0 14971 3.6 1.4 95.0 0.0 0.0
0 0 1161728 57516 0 0 0 0 0 0 0 15222 3.7 1.5 94.8 0.0 0.0
0 0 1161728 58520 0 0 0 0 0 0 0 15189 3.4 1.4 95.3 0.0 0.0
0 0 1161728 58388 0 0 0 0 0 0 0 48668 3.2 1.7 95.2 0.0 0.0
0 0 1161728 192292 0 0 0 0 0 0 0 48692 2.6 1.1 96.4 0.0 0.0
0 0 1161728 192388 0 0 0 0 0 0 0 48503 2.4 1.2 96.3 0.0 0.0
0 0 1161728 191624 0 0 0 0 0 0 0 47747 2.4 1.1 96.6 0.0 0.0
0 0 1161728 188468 0 0 0 0 0 0 0 46980 3.2 1.9 94.9 0.0 0.0
0 0 1161728 185400 0 0 0 0 0 0 0 14038 3.3 1.9 94.8 0.0 0.0
0 0 1161728 53632 0 0 0 0 0 0 0 14124 3.5 1.4 95.1 0.0 0.0
0 0 1161728 53976 0 0 0 0 0 0 0 14575 3.6 1.5 94.9 0.0 0.0
0 0 1161728 55780 0 0 0 0 0 0 0 15487 3.5 1.3 95.2 0.0 0.0
0 0 1161728 59416 0 0 0 0 0 0 0 15792 3.4 1.5 95.0 0.0 0.0
0 0 1161728 60636 0 0 0 0 0 0 0 48872 3.1 1.4 95.5 0.0 0.0
0 0 1161728 192956 0 0 0 0 0 0 0 48535 2.4 1.2 96.5 0.0 0.0
0 0 1161728 191608 0 0 0 0 0 0 0 48668 2.1 1.1 96.8 0.0 0.0
0 0 1161728 192140 0 0 0 0 0 0 0 48161 3.1 2.4 94.5 0.0 0.0
0 0 1161728 189700 0 0 0 0 0 0 0 47754 2.7 2.7 94.7 0.0 0.0
0 0 1161728 187976 0 0 0 0 0 0 0 11951 4.7 2.1 93.2 0.0 0.0
0 0 1161728 40968 0 0 0 0 0 0 0 11888 3.2 1.5 95.3 0.0 0.0
0 0 1161728 40712 0 0 0 0 0 0 0 11605 3.7 1.5 94.8 0.0 0.0
0 0 1161728 39544 0 0 0 0 0 0 0 11271 4.0 1.6 94.3 0.0 0.0
0 0 1161728 37052 0 0 0 0 0 0 0 11521 3.4 1.5 95.1 0.0 0.0
0 0 1161728 38052 0 0 0 0 0 0 0 5943 3.0 1.3 95.7 0.0 0.0
0 0 1161728 15740 0 0 0 0 0 0 0 6008 2.3 1.1 96.6 0.0 0.0
0 0 1161728 16000 0 0 0 0 0 0 0 5568 2.9 1.7 95.5 0.0 0.0
0 0 1161728 14240 0 0 0 0 0 0 0 13238 3.0 1.8 95.2 0.0 0.0
0 0 1161728 44920 0 0 0 0 0 0 0 13346 2.4 1.1 96.5 0.0 0.0
0 0 1161728 45332 0 0 0 0 0 0 0 7997 3.4 1.4 95.2 0.0 0.0
0 0 1161728 23936 0 0 0 0 0 0 0 8192 3.5 1.6 94.9 0.0 0.0
0 0 1161728 24712 0 0 0 0 0 0 0 7816 3.6 1.3 95.1 0.0 0.0
0 0 1161728 23180 0 0 0 0 0 0 0 7886 3.5 1.5 95.0 0.0 0.0
0 0 1161728 23460 0 0 0 0 0 0 0 7773 3.4 1.5 95.1 0.0 0.0
0 0 1161728 23008 0 0 0 0 0 0 0 56461 2.7 1.3 96.0 0.0 0.0
0 0 1161728 217760 0 0 0 0 0 0 0 56567 2.4 1.1 96.5 0.0 0.0
0 0 1161728 218184 0 0 0 0 0 0 0 56223 2.4 1.2 96.4 0.0 0.0
0 0 1161728 216800 0 0 0 0 0 0 0 56304 2.5 1.1 96.4 0.0 0.0
0 0 1161728 217124 0 0 0 0 0 0 0 56464 2.4 1.0 96.6 0.0 0.0
0 0 1161728 217524 0 0 0 0 0 0 0 22081 3.3 1.7 95.0 0.0 0.0
0 0 1161728 79456 0 0 0 0 0 0 0 21810 3.4 1.4 95.3 0.0 0.0
0 0 1161728 78884 0 0 0 0 0 0 0 21724 3.3 1.6 95.2 0.0 0.0
0 0 1161728 78540 0 0 0 0 0 0 0 21919 3.2 1.5 95.3 0.0 0.0
0 0 1161728 79320 0 0 0 0 0 0 0 21754 3.3 1.3 95.4 0.0 0.0
0 0 1161728 78660 0 0 0 0 0 0 0 57546 2.6 1.5 95.9 0.0 0.0
0 0 1161728 221828 0 0 0 0 0 0 0 57593 2.7 1.1 96.3 0.0 0.0
0 0 1161728 222016 0 0 0 0 0 0 0 55828 2.8 1.7 95.5 0.0 0.0
0 0 1161728 214948 0 0 0 0 0 0 0 54002 3.1 2.4 94.5 0.0 0.0
0 0 1161728 207644 0 0 0 0 0 0 0 53021 2.4 1.3 96.3 0.0 0.0
0 0 1161728 203720 0 0 0 0 0 0 0 18126 3.5 1.7 94.8 0.0 0.0
0 0 1161728 64140 0 0 0 0 0 0 0 18294 3.4 1.5 95.1 0.0 0.0
0 0 1161728 64808 0 0 0 0 0 0 0 18381 3.4 1.3 95.3 0.0 0.0
0 0 1161728 65148 0 0 0 0 0 0 0 17447 3.5 1.6 94.8 0.0 0.0
0 0 1161728 61408 0 0 0 0 0 0 0 15723 3.4 1.2 95.4 0.0 0.0
0 0 1161728 54000 0 0 0 0 0 0 0 50414 2.5 1.5 96.0 0.0 0.0
0 0 1161728 193276 0 0 0 0 0 0 0 50448 2.6 1.1 96.3 0.0 0.0
0 0 1161728 193412 0 0 0 0 0 0 0 50438 2.4 1.1 96.5 0.0 0.0
0 0 1161728 193372 0 0 0 0 0 0 0 50417 2.1 1.1 96.8 0.0 0.0
0 0 1161728 193288 0 0 0 0 0 0 0 48358 2.5 1.1 96.5 0.0 0.0
0 0 1161728 185052 0 0 0 0 0 0 0 16014 3.2 1.7 95.0 0.0 0.0
0 0 1161728 55676 0 0 0 0 0 0 0 14743 3.4 1.6 95.0 0.0 0.0
0 0 1161728 50588 0 0 0 0 0 0 0 14659 3.6 1.2 95.1 0.0 0.0
0 0 1161728 50252 0 0 0 0 0 0 0 14656 3.7 1.5 94.9 0.0 0.0
0 0 1161728 50240 0 0 0 0 0 0 0 13127 3.2 1.4 95.3 0.0 0.0
0 0 1161728 44124 0 0 0 0 0 0 0 50612 2.6 1.4 96.0 0.0 0.0
0 0 1161728 194064 0 0 0 0 0 0 0 50339 2.5 1.1 96.4 0.0 0.0
0 0 1161728 192972 0 0 0 0 0 0 0 45693 3.2 1.8 95.0 0.0 0.0
0 0 1161728 174388 0 0 0 0 0 0 0 43726 2.9 1.7 95.5 0.0 0.0
0 0 1161728 166516 0 0 0 0 0 0 0 42153 2.9 1.1 96.0 0.0 0.0
0 0 1161728 160204 0 0 0 0 0 0 0 8375 3.4 1.7 94.9 0.0 0.0
0 0 1161728 25092 0 0 0 0 0 0 0 8356 3.5 1.5 95.0 0.0 0.0
0 0 1161728 24892 0 0 0 0 0 0 0 8568 3.5 1.5 95.0 0.0 0.0
0 0 1161728 25728 0 0 0 0 0 0 0 8234 3.2 1.3 95.5 0.0 0.0
0 0 1161728 24392 0 0 0 0 0 0 0 6260 3.4 1.3 95.3 0.0 0.0
0 0 1161728 16496 0 0 0 0 0 0 0 49907 2.7 1.5 95.8 0.0 0.0
0 0 1161728 191084 0 0 0 0 0 0 0 50025 2.2 1.1 96.8 0.0 0.0
0 0 1161728 191556 0 0 0 0 0 0 0 50920 2.4 1.2 96.4 0.0 0.0
0 0 1161728 195132 0 0 0 0 0 0 0 51338 2.3 1.8 95.9 0.0 0.0
0 0 1161728 196812 0 0 0 0 0 0 0 49334 2.3 1.1 96.6 0.0 0.0
0 0 1161728 188796 0 0 0 0 0 0 0 14188 3.8 1.7 94.4 0.0 0.0
0 0 1161728 48212 0 0 0 0 0 0 0 13771 3.4 1.6 95.1 0.0 0.0
0 0 1161728 46544 0 0 0 0 0 0 0 13918 4.4 1.6 94.0 0.0 0.0
0 0 1161728 47124 0 0 0 0 0 0 0 14019 3.5 1.4 95.1 0.0 0.0
0 0 1161728 47528 0 0 0 0 0 0 0 13496 3.8 1.8 94.4 0.0 0.0
0 0 1161728 44468 0 0 0 0 0 0 0 50897 2.6 1.4 96.0 0.0 0.0
0 0 1161728 194072 0 0 0 0 0 0 0 50082 2.2 1.1 96.6 0.0 0.0
0 0 1161728 190812 0 0 0 0 0 0 0 50232 2.7 1.1 96.2 0.0 0.0
0 0 1161728 191412 0 0 0 0 0 0 0 50232 2.6 1.1 96.3 0.0 0.0
0 0 1161728 191412 0 0 0 0 0 0 0 49640 2.5 1.1 96.4 0.0 0.0
0 0 1161728 189044 0 0 0 0 0 0 0 15841 3.1 1.6 95.3 0.0 0.0
0 0 1161728 53848 0 0 0 0 0 0 0 15992 3.5 1.5 95.0 0.0 0.0
0 0 1161728 54448 0 0 0 0 0 0 0 12820 3.7 2.0 94.3 0.0 0.0
0 0 1161728 41756 0 0 0 0 0 0 0 12766 3.5 2.0 94.5 0.0 0.0
0 0 1161728 41536 0 0 0 0 0 0 0 12762 3.4 1.3 95.2 0.0 0.0
0 0 1161728 41520 0 0 0 0 0 0 0 50925 2.6 1.5 95.9 0.0 0.0
0 0 1161728 194172 0 0 0 0 0 0 0 52624 2.4 1.2 96.4 0.0 0.0
0 0 1161728 200968 0 0 0 0 0 0 0 52706 2.6 1.2 96.3 0.0 0.0
0 0 1161728 201284 0 0 0 0 0 0 0 52736 2.3 0.9 96.8 0.0 0.0
0 0 1161728 201404 0 0 0 0 0 0 0 52654 2.4 1.1 96.5 0.0 0.0
0 0 1161728 201076 0 0 0 0 0 0 0 18650 3.4 1.8 94.8 0.0 0.0
0 0 1161728 64944 0 0 0 0 0 0 0 19286 4.0 1.5 94.5 0.0 0.0
0 0 1161728 67488 0 0 0 0 0 0 0 19416 3.4 1.6 95.1 0.0 0.0
0 0 1161728 67900 0 0 0 0 0 0 0 19169 3.3 1.3 95.4 0.0 0.0
0 0 1161728 66912 0 0 0 0 0 0 0 19534 3.6 1.5 94.9 0.0 0.0
0 0 1161728 68256 0 0 0 0 0 0 0 8597 2.4 1.1 96.5 0.0 0.0
0 0 1161728 24508 0 0 0 0 0 0 0 9469 2.7 1.1 96.2 0.0 0.0
0 0 1161728 27996 0 0 0 0 0 0 0 9466 2.4 1.2 96.4 0.0 0.0
0 0 1161728 27984 0 0 0 0 0 0 0 9636 2.3 1.7 96.0 0.0 0.0
0 0 1161728 28052 0 0 0 0 0 0 0 10584 2.2 1.1 96.6 0.0 0.0
0 0 1161728 32356 0 0 0 0 0 0 0 6938 3.6 1.5 94.9 0.0 0.0
0 0 1161728 17772 0 0 0 0 0 0 0 6910 3.4 1.5 95.1 0.0 0.0
0 0 1161728 17640 0 0 0 0 0 0 0 7108 3.2 1.5 95.3 0.0 0.0
0 0 1161728 18432 0 0 0 0 0 0 0 6951 3.5 1.4 95.1 0.0 0.0
0 0 1161728 17804 0 0 0 0 0 0 0 6636 3.3 1.5 95.2 0.0 0.0
0 0 1161728 15476 0 0 0 0 0 0 0 54967 2.7 1.2 96.1 0.0 0.0
0 0 1161728 208800 0 0 0 0 0 0 0 54680 2.7 1.6 95.6 0.0 0.0
0 0 1161728 207652 0 0 0 0 0 0 0 53664 2.9 1.9 95.3 0.0 0.0
0 0 1161728 203588 0 0 0 0 0 0 0 54344 2.4 1.2 96.5 0.0 0.0
0 0 1161728 206288 0 0 0 0 0 0 0 54937 2.6 1.1 96.3 0.0 0.0
0 0 1161728 208588 0 0 0 0 0 0 0 23311 3.7 1.7 94.6 0.0 0.0
0 0 1161728 82084 0 0 0 0 0 0 0 23282 3.4 1.9 94.7 0.0 0.0
0 0 1161728 82124 0 0 0 0 0 0 0 23793 3.5 1.4 95.1 0.0 0.0
0 0 1161728 83988 0 0 0 0 0 0 0 23800 3.7 1.9 94.4 0.0 0.0
0 0 1161728 83996 0 0 0 0 0 0 0 14096 3.4 1.4 95.2 0.0 0.0
0 0 1161728 44644 0 0 0 0 0 0 0 57325 2.3 1.2 96.5 0.0 0.0
0 0 1161728 218072 0 0 0 0 0 0 0 57960 2.6 1.2 96.2 0.0 0.0
0 0 1161728 220612 0 0 0 0 0 0 0 57870 2.3 1.0 96.7 0.0 0.0
0 0 1161728 220252 0 0 0 0 0 0 0 57851 2.4 1.1 96.5 0.0 0.0
0 0 1161728 220176 0 0 0 0 0 0 0 51261 2.9 1.3 95.8 0.0 0.0
0 0 1161728 192792 0 0 0 0 0 0 0 23384 3.9 1.6 94.6 0.0 0.0
0 0 1161728 82308 0 0 0 0 0 0 0 23079 3.7 1.6 94.7 0.0 0.0
0 0 1161728 81056 0 0 0 0 0 0 0 22953 3.3 1.4 95.3 0.0 0.0
0 0 1161728 80552 0 0 0 0 0 0 0 23044 3.5 1.4 95.0 0.0 0.0
0 0 1161728 80916 0 0 0 0 0 0 0 20860 3.3 1.5 95.2 0.0 0.0
0 0 1161728 71668 0 0 0 0 0 0 0 56916 2.3 1.3 96.4 0.0 0.0
0 0 1161728 216404 0 0 0 0 0 0 0 57001 2.6 0.9 96.4 0.0 0.0
0 0 1161728 216624 0 0 0 0 0 0 0 57024 2.4 1.2 96.3 0.0 0.0
0 0 1161728 216712 0 0 0 0 0 0 0 56355 2.7 2.1 95.2 0.0 0.0
0 0 1161728 214028 0 0 0 0 0 0 0 27022 3.1 2.1 94.8 0.0 0.0
0 0 1161728 96696 0 0 0 0 0 0 0 23953 3.5 1.6 95.0 0.0 0.0
0 0 1161728 84420 0 0 0 0 0 0 0 25238 3.6 1.5 94.9 0.0 0.0
0 0 1161728 89556 0 0 0 0 0 0 0 24980 3.6 1.5 94.9 0.0 0.0
0 0 1161728 88524 0 0 0 0 0 0 0 24867 4.0 1.5 94.5 0.0 0.0
0 0 1161728 87956 0 0 0 0 0 0 0 26444 3.7 1.8 94.5 0.0 0.0
0 0 1161728 89016 0 0 0 0 0 0 0 54902 3.5 1.4 95.1 0.0 0.0
0 0 1161728 197656 0 0 0 0 0 0 0 53471 4.0 1.4 94.5 0.0 0.0
0 0 1161728 188196 0 0 0 0 0 0 0 51809 3.8 1.2 95.0 0.0 0.0
0 0 1161728 183992 0 0 0 0 0 0 0 48838 3.7 0.9 95.4 0.0 0.0
0 0 1161728 183824 0 0 0 0 0 0 0 22605 2.8 1.6 95.6 0.0 0.0
0 0 1161728 77856 0 0 0 0 0 0 0 19596 3.4 1.5 95.1 0.0 0.0
0 0 1161728 66844 0 0 0 0 0 0 0 19539 3.6 1.4 94.9 0.0 0.0
0 0 1161728 66596 0 0 0 0 0 0 0 18615 3.6 1.5 94.9 0.0 0.0
0 0 1161728 62900 0 0 0 0 0 0 0 18772 3.2 1.5 95.3 0.0 0.0
0 0 1161728 63528 0 0 0 0 0 0 0 52968 3.4 1.9 94.7 0.0 0.0
0 0 1161728 200312 0 0 0 0 0 0 0 52784 2.7 1.4 96.0 0.0 0.0
0 0 1161728 199576 0 0 0 0 0 0 0 51777 3.1 1.7 95.2 0.0 0.0
0 0 1161728 195416 0 0 0 0 0 0 0 51705 3.0 1.7 95.3 0.0 0.0
0 0 1161728 195128 0 0 0 0 0 0 0 51634 2.2 1.3 96.5 0.0 0.0
0 0 1161728 194824 0 0 0 0 0 0 0 17749 2.5 1.4 96.0 0.0 0.0
0 0 1161728 59260 0 0 0 0 0 0 0 16915 3.7 1.6 94.8 0.0 0.0
0 0 1161728 55924 0 0 0 0 0 0 0 16764 3.5 1.5 95.0 0.0 0.0
0 0 1161728 55308 0 0 0 0 0 0 0 17008 3.4 1.5 95.2 0.0 0.0
0 0 1161728 56284 0 0 0 0 0 0 0 17565 3.6 1.4 95.0 0.0 0.0
0 0 1161728 58512 0 0 0 0 0 0 0 51702 4.5 1.8 93.6 0.0 0.0
0 0 1161728 195060 0 0 0 0 0 0 0 51570 3.2 1.6 95.2 0.0 0.0
0 0 1161728 193724 0 0 0 0 0 0 0 51438 2.7 1.3 96.0 0.0 0.0
0 0 1161728 192776 0 0 0 0 0 0 0 51488 2.5 1.0 96.5 0.0 0.0
0 0 1161728 192976 0 0 0 0 0 0 0 51449 2.7 1.9 95.5 0.0 0.0
0 0 1161728 192820 0 0 0 0 0 0 0 16193 2.8 1.4 95.8 0.0 0.0
0 0 1161728 51796 0 0 0 0 0 0 0 16292 3.5 1.4 95.1 0.0 0.0
0 0 1161728 52192 0 0 0 0 0 0 0 16122 3.6 1.4 95.0 0.0 0.0
0 0 1161728 51508 0 0 0 0 0 0 0 17170 3.6 1.6 94.8 0.0 0.0
0 0 1161728 55700 0 0 0 0 0 0 0 18275 3.4 1.5 95.2 0.0 0.0
0 0 1161728 60104 0 0 0 0 0 0 0 52855 3.2 1.6 95.3 0.0 0.0
0 0 1161728 198424 0 0 0 0 0 0 0 52648 2.6 1.2 96.2 0.0 0.0
0 0 1161728 197528 0 0 0 0 0 0 0 52776 2.7 1.2 96.1 0.0 0.0
0 0 1161728 198092 0 0 0 0 0 0 0 50989 2.9 1.7 95.4 0.0 0.0
0 0 1161728 190936 0 0 0 0 0 0 0 50259 2.9 1.7 95.4 0.0 0.0
0 0 1161728 187912 0 0 0 0 0 0 0 17073 2.9 1.6 95.5 0.0 0.0
0 0 1161728 55168 0 0 0 0 0 0 0 17535 3.6 1.4 95.0 0.0 0.0
0 0 1161728 57016 0 0 0 0 0 0 0 16490 3.5 1.5 95.0 0.0 0.0
0 0 1161728 52832 0 0 0 0 0 0 0 16378 3.5 1.6 94.9 0.0 0.0
0 0 1161728 52372 0 0 0 0 0 0 0 18102 3.4 1.4 95.2 0.0 0.0
0 0 1161728 59268 0 0 0 0 0 0 0 51716 3.0 1.5 95.5 0.0 0.0
0 0 1161728 193724 0 0 0 0 0 0 0 51722 2.5 1.1 96.3 0.0 0.0
0 0 1161728 193748 0 0 0 0 0 0 0 51951 2.4 1.1 96.6 0.0 0.0
0 0 1161728 194664 0 0 0 0 0 0 0 51798 2.7 1.2 96.1 0.0 0.0
0 0 1161728 194052 0 0 0 0 0 0 0 51874 2.4 1.2 96.4 0.0 0.0
0 0 1161728 194356 0 0 0 0 0 0 0 17925 2.8 1.5 95.7 0.0 0.0
0 0 1161728 58560 0 0 0 0 0 0 0 17472 3.7 1.4 94.9 0.0 0.0
0 0 1161728 56748 0 0 0 0 0 0 0 17457 3.5 1.6 94.9 0.0 0.0
0 0 1161728 56640 0 0 0 0 0 0 0 17459 3.4 1.3 95.3 0.0 0.0
0 0 1161728 56648 0 0 0 0 0 0 0 17616 3.4 1.4 95.2 0.0 0.0
0 0 1161728 57276 0 0 0 0 0 0 0 52187 3.0 1.4 95.6 0.0 0.0
0 0 1161728 195560 0 0 0 0 0 0 0 52278 2.4 1.3 96.3 0.0 0.0
0 0 1161728 195924 0 0 0 0 0 0 0 53095 2.3 1.1 96.6 0.0 0.0
0 0 1161728 199192 0 0 0 0 0 0 0 53234 2.5 1.6 95.9 0.0 0.0
0 0 1161728 199748 0 0 0 0 0 0 0 53064 2.3 1.2 96.5 0.0 0.0
0 0 1161728 199068 0 0 0 0 0 0 0 19333 3.0 1.5 95.5 0.0 0.0
0 0 1161728 64144 0 0 0 0 0 0 0 19468 3.6 1.6 94.8 0.0 0.0
0 0 1161728 64684 0 0 0 0 0 0 0 19166 3.5 1.6 94.9 0.0 0.0
0 0 1161728 63464 0 0 0 0 0 0 0 17839 3.8 1.8 94.4 0.0 0.0
0 0 1161728 58156 0 0 0 0 0 0 0 18057 3.5 1.9 94.5 0.0 0.0
0 0 1161728 59028 0 0 0 0 0 0 0 53404 3.1 1.5 95.5 0.0 0.0
0 0 1161728 200396 0 0 0 0 0 0 0 53823 2.7 1.2 96.0 0.0 0.0
0 0 1161728 202072 0 0 0 0 0 0 0 53604 2.4 1.1 96.6 0.0 0.0
0 0 1161728 201192 0 0 0 0 0 0 0 53777 2.2 1.1 96.6 0.0 0.0
0 0 1161728 201872 0 0 0 0 0 0 0 53711 2.3 1.2 96.5 0.0 0.0
0 0 1161728 201608 0 0 0 0 0 0 0 19810 2.8 1.4 95.8 0.0 0.0
0 0 1161728 66004 0 0 0 0 0 0 0 19838 3.6 1.3 95.1 0.0 0.0
0 0 1161728 65996 0 0 0 0 0 0 0 19093 3.7 1.7 94.5 0.0 0.0
0 0 1161728 62892 0 0 0 0 0 0 0 18962 3.3 1.4 95.3 0.0 0.0
0 0 1161728 62336 0 0 0 0 0 0 0 18913 3.5 1.4 95.1 0.0 0.0
0 0 1161728 62140 0 0 0 0 0 0 0 52594 3.0 1.5 95.5 0.0 0.0
0 0 1161728 196864 0 0 0 0 0 0 0 52496 2.4 1.0 96.6 0.0 0.0
0 0 1161728 196472 0 0 0 0 0 0 0 52859 2.6 1.3 96.1 0.0 0.0
0 0 1161728 197924 0 0 0 0 0 0 0 53017 2.3 1.1 96.6 0.0 0.0
0 0 1161728 198556 0 0 0 0 0 0 0 52942 2.3 1.1 96.6 0.0 0.0
0 0 1161728 198256 0 0 0 0 0 0 0 19355 3.1 1.6 95.3 0.0 0.0
0 0 1161728 63884 0 0 0 0 0 0 0 19034 3.4 1.5 95.1 0.0 0.0
0 0 1161728 62600 0 0 0 0 0 0 0 19326 3.5 1.6 94.9 0.0 0.0
0 0 1161728 63764 0 0 0 0 0 0 0 19212 3.4 1.4 95.2 0.0 0.0
0 0 1161728 63308 0 0 0 0 0 0 0 19032 3.7 2.0 94.3 0.0 0.0
0 0 1161728 62580 0 0 0 0 0 0 0 51355 3.5 2.2 94.3 0.0 0.0
0 0 1161728 191872 0 0 0 0 0 0 0 52210 2.6 1.2 96.2 0.0 0.0
0 0 1161728 195292 0 0 0 0 0 0 0 52011 2.9 1.3 95.8 0.0 0.0
0 0 1161728 194496 0 0 0 0 0 0 0 51946 5.9 2.2 91.9 0.0 0.0
0 0 1161728 193716 0 0 0 0 0 0 0 50821 2.9 1.2 95.9 0.0 0.0
0 0 1161728 189204 0 0 0 0 0 0 0 16980 3.4 1.6 94.9 0.0 0.0
0 0 1161728 53840 0 0 0 0 0 0 0 12956 5.6 1.9 92.5 0.0 0.0
0 0 1161728 37388 0 0 0 0 0 0 0 7674 5.5 2.2 92.3 0.0 0.0
0 0 1161728 16224 0 0 0 0 0 0 0 7100 4.9 1.7 93.5 0.0 0.0
0 0 1161728 16188 0 0 0 0 0 0 0 7166 3.5 1.5 95.0 0.0 0.0
0 0 1161728 16436 0 0 0 0 0 0 0 48888 3.1 1.9 95.1 0.0 0.0
0 0 1161728 194812 0 0 0 0 0 0 0 49350 2.4 1.0 96.6 0.0 0.0
0 0 1161728 196464 0 0 0 0 0 0 0 50743 2.5 1.3 96.2 0.0 0.0
0 0 1161728 202036 0 0 0 0 0 0 0 49976 5.1 1.6 93.3 0.0 0.0
0 0 1161728 198952 0 0 0 0 0 0 0 50162 2.2 1.1 96.8 0.0 0.0
0 0 1161728 199696 0 0 0 0 0 0 0 16305 3.4 1.5 95.1 0.0 0.0
0 0 1161728 64268 0 0 0 0 0 0 0 16344 3.7 1.6 94.8 0.0 0.0
0 0 1161728 64156 0 0 0 0 0 0 0 15663 3.4 1.4 95.2 0.0 0.0
0 0 1161728 61356 0 0 0 0 0 0 0 15784 3.5 1.5 95.0 0.0 0.0
0 0 1161728 61840 0 0 0 0 0 0 0 13634 5.7 2.4 91.9 0.0 0.0
0 0 1161728 53180 0 0 0 0 0 0 0 48406 3.2 1.5 95.4 0.0 0.0
0 0 1161728 192724 0 0 0 0 0 0 0 46156 3.1 1.8 95.1 0.0 0.0
0 0 1161728 183724 0 0 0 0 0 0 0 46086 3.0 1.7 95.3 0.0 0.0
0 0 1161728 183444 0 0 0 0 0 0 0 46139 2.5 1.1 96.4 0.0 0.0
0 0 1161728 183632 0 0 0 0 0 0 0 46759 2.2 1.1 96.8 0.0 0.0
0 0 1161728 186092 0 0 0 0 0 0 0 13449 3.5 1.4 95.1 0.0 0.0
0 0 1161728 52852 0 0 0 0 0 0 0 13536 3.3 1.6 95.1 0.0 0.0
0 0 1161728 53180 0 0 0 0 0 0 0 11930 4.5 1.8 93.7 0.0 0.0
0 0 1161728 46600 0 0 0 0 0 0 0 11797 3.9 1.6 94.5 0.0 0.0
0 0 1161728 46068 0 0 0 0 0 0 0 12069 3.4 1.4 95.2 0.0 0.0
0 0 1161728 47156 0 0 0 0 0 0 0 47755 2.8 1.6 95.6 0.0 0.0
0 0 1161728 190964 0 0 0 0 0 0 0 47621 2.9 1.2 95.9 0.0 0.0
0 0 1161728 190424 0 0 0 0 0 0 0 48342 2.6 1.1 96.3 0.0 0.0
0 0 1161728 193524 0 0 0 0 0 0 0 48635 2.2 1.7 96.0 0.0 0.0
0 0 1161728 194468 0 0 0 0 0 0 0 47477 2.7 1.1 96.1 0.0 0.0
0 0 1161728 189836 0 0 0 0 0 0 0 13679 3.4 1.7 95.0 0.0 0.0
0 0 1161728 54644 0 0 0 0 0 0 0 13458 3.4 1.5 95.1 0.0 0.0
0 0 1161728 53424 0 0 0 0 0 0 0 13488 3.2 1.4 95.4 0.0 0.0
0 0 1161728 53544 0 0 0 0 0 0 0 12450 3.5 1.4 95.1 0.0 0.0
0 0 1161728 49392 0 0 0 0 0 0 0 12613 3.3 1.4 95.3 0.0 0.0
0 0 1161728 50044 0 0 0 0 0 0 0 48918 2.7 1.6 95.8 0.0 0.0
0 0 1161728 195336 0 0 0 0 0 0 0 49064 2.2 0.9 96.8 0.0 0.0
0 0 1161728 195916 0 0 0 0 0 0 0 48910 2.4 1.1 96.5 0.0 0.0
0 0 1161728 195300 0 0 0 0 0 0 0 48919 2.7 1.1 96.2 0.0 0.0
0 0 1161728 195332 0 0 0 0 0 0 0 47629 3.2 1.9 94.9 0.0 0.0
0 0 1161728 190160 0 0 0 0 0 0 0 13394 3.5 2.1 94.4 0.0 0.0
0 0 1161728 53096 0 0 0 0 0 0 0 13200 3.6 1.5 94.9 0.0 0.0
0 0 1161728 52320 0 0 0 0 0 0 0 13414 3.5 1.4 95.0 0.0 0.0
0 0 1161728 53176 0 0 0 0 0 0 0 13243 3.4 1.5 95.1 0.0 0.0
0 0 1161728 52492 0 0 0 0 0 0 0 13217 3.4 1.4 95.3 0.0 0.0
0 0 1161728 52372 0 0 0 0 0 0 0 48509 2.6 1.6 95.8 0.0 0.0
0 0 1161728 193876 0 0 0 0 0 0 0 48628 2.5 1.2 96.3 0.0 0.0
0 0 1161728 194336 0 0 0 0 0 0 0 48569 2.3 1.1 96.6 0.0 0.0
0 0 1161728 194100 0 0 0 0 0 0 0 47120 2.7 1.2 96.2 0.0 0.0
0 0 1161728 188304 0 0 0 0 0 0 0 47262 2.6 1.3 96.1 0.0 0.0
0 0 1161728 188792 0 0 0 0 0 0 0 14204 3.2 1.6 95.2 0.0 0.0
0 0 1161728 56560 0 0 0 0 0 0 0 14234 3.4 1.4 95.2 0.0 0.0
0 0 1161728 56344 0 0 0 0 0 0 0 14288 5.0 1.6 93.4 0.0 0.0
0 0 1161728 56560 0 0 0 0 0 0 0 14202 3.2 1.4 95.5 0.0 0.0
0 0 1161728 56092 0 0 0 0 0 0 0 14179 3.5 1.5 94.9 0.0 0.0
0 0 1161728 55996 0 0 0 0 0 0 0 48549 2.7 1.5 95.8 0.0 0.0
0 0 1161728 193652 0 0 0 0 0 0 0 48489 2.3 1.2 96.5 0.0 0.0
0 0 1161728 193412 0 0 0 0 0 0 0 47996 2.4 1.1 96.5 0.0 0.0
0 0 1161728 191440 0 0 0 0 0 0 0 48030 2.7 1.6 95.7 0.0 0.0
0 0 1161728 191576 0 0 0 0 0 0 0 47098 3.8 1.4 94.8 0.0 0.0
0 0 1161728 187760 0 0 0 0 0 0 0 12804 3.5 1.8 94.7 0.0 0.0
0 0 1161728 50584 0 0 0 0 0 0 0 13587 3.7 2.0 94.4 0.0 0.0
0 0 1161728 53712 0 0 0 0 0 0 0 13792 3.7 1.9 94.5 0.0 0.0
0 0 1161728 54532 0 0 0 0 0 0 0 13393 4.5 1.7 93.8 0.0 0.0
0 0 1161728 52888 0 0 0 0 0 0 0 13546 3.6 1.4 95.1 0.0 0.0
0 0 1161728 53500 0 0 0 0 0 0 0 47380 2.9 1.9 95.2 0.0 0.0
0 0 1161728 188836 0 0 0 0 0 0 0 47520 2.5 1.2 96.3 0.0 0.0
0 0 1161728 189384 0 0 0 0 0 0 0 46974 2.8 1.5 95.7 0.0 0.0
0 0 1161728 187168 0 0 0 0 0 0 0 47108 3.2 2.0 94.8 0.0 0.0
0 0 1161728 187692 0 0 0 0 0 0 0 46999 2.7 2.0 95.3 0.0 0.0
0 0 1161728 187256 0 0 0 0 0 0 0 12838 3.5 2.1 94.4 0.0 0.0
0 0 1161728 50612 0 0 0 0 0 0 0 12871 3.4 1.6 95.0 0.0 0.0
0 0 1161728 50716 0 0 0 0 0 0 0 15021 4.4 1.7 93.9 0.0 0.0
0 0 1161728 59292 0 0 0 0 0 0 0 14746 3.5 2.1 94.4 0.0 0.0
0 0 1161728 58068 0 0 0 0 0 0 0 14759 3.6 2.0 94.4 0.0 0.0
0 0 1161728 58120 0 0 0 0 0 0 0 4607 2.9 1.9 95.1 0.0 0.0
0 0 1161728 17512 0 0 0 0 0 0 0 4851 2.6 1.7 95.6 0.0 0.0
0 0 1161728 18480 0 0 0 0 0 0 0 4129 2.4 1.3 96.3 0.0 0.0
0 0 1161728 15592 0 0 0 0 0 0 0 4184 2.5 1.0 96.5 0.0 0.0
0 0 1161728 15812 0 0 0 0 0 0 0 4219 2.5 1.1 96.5 0.0 0.0
0 0 1161728 15952 0 0 0 0 0 0 0 5160 3.2 2.1 94.7 0.0 0.0
0 0 1164544 20640 0 0 0 0 0 0 0 5253 3.5 1.7 94.9 0.0 0.0
0 0 1164544 20888 0 0 0 0 0 0 0 9408 6.6 2.9 90.5 0.0 0.0
0 0 1164544 37068 0 0 0 0 0 0 0 5886 7.7 2.6 89.8 0.0 0.0
0 0 1164544 22980 0 0 0 0 0 0 0 5167 7.2 2.0 90.8 0.0 0.0
0 0 1164544 20104 0 0 0 0 0 0 0 39217 7.0 2.4 90.5 0.0 0.0
0 0 1164544 156304 0 0 0 0 0 0 0 29103 6.0 2.0 92.0 0.0 0.0
0 0 1164544 115656 0 0 0 0 0 0 0 29350 5.1 2.0 92.9 0.0 0.0
0 0 1164544 116620 0 0 0 0 0 0 0 29185 4.7 1.9 93.5 0.0 0.0
0 0 1164544 115136 0 0 0 0 0 0 0 28215 6.6 2.1 91.4 0.0 0.0
0 0 1164544 107464 0 0 0 0 0 0 0 6005 4.9 2.1 93.0 0.0 0.0
0 0 1164544 19188 0 0 0 0 0 0 0 6372 5.2 1.9 92.9 0.0 0.0
0 0 1164544 20316 0 0 0 0 0 0 0 9195 5.5 1.9 92.7 0.0 0.0
0 0 1164544 30644 0 0 0 0 0 0 0 6919 5.0 1.8 93.2 0.0 0.0
0 0 1164544 21540 0 0 0 0 0 0 0 6272 4.9 1.7 93.4 0.0 0.0
0 0 1164544 19092 0 0 0 0 0 0 0 4933 4.8 2.2 93.0 0.0 0.0
0 0 1166080 17724 0 0 0 0 0 0 0 4729 4.8 1.6 93.6 0.0 0.0
0 0 1167104 16912 0 0 0 0 0 0 0 4557 5.1 1.6 93.3 0.0 0.0
0 0 1167104 16224 0 0 0 0 0 0 0 4857 4.7 1.7 93.6 0.0 0.0
0 0 1167104 17292 0 0 0 0 0 0 0 4447 4.9 1.6 93.6 0.0 0.0
0 0 1167104 15644 0 0 0 0 0 0 0 15275 5.1 2.1 92.8 0.0 0.0
0 0 1167104 58956 0 0 0 0 0 0 0 7988 4.9 1.8 93.3 0.0 0.0
0 0 1167104 29808 0 0 0 0 0 0 0 10476 4.9 1.7 93.4 0.0 0.0
0 0 1167104 39760 0 0 0 0 0 0 0 9545 6.1 2.1 91.9 0.0 0.0
0 0 1167104 35932 0 0 0 0 0 0 0 9277 5.0 1.9 93.1 0.0 0.0
0 0 1167104 34860 0 0 0 0 0 0 0 3785 4.5 1.7 93.8 0.0 0.0
0 0 1167104 15032 0 0 0 0 0 0 0 4241 4.8 2.0 93.2 0.0 0.0
0 0 1167104 16840 0 0 0 0 0 0 0 5751 4.9 2.3 92.9 0.0 0.0
0 0 1167104 22752 0 0 0 0 0 0 0 5666 5.0 1.5 93.5 0.0 0.0
0 0 1167104 22376 0 0 0 0 0 0 0 5109 7.1 2.9 90.0 0.0 0.0
0 0 1167104 19884 0 0 0 0 0 0 0 16453 5.1 2.1 92.8 0.0 0.0
0 0 1167104 65260 0 0 0 0 0 0 0 16351 4.7 1.7 93.6 0.0 0.0
