r b swpd free buff cache si so bi bo in cs us sy id wa st
0 0 854272 76360 0 0 0 0 0 0 0 27840 11.5 3.4 85.1 0.0 0.0
0 0 854272 75160 0 0 0 0 0 0 0 13400 6.0 2.6 91.4 0.0 0.0
0 0 854272 19680 0 0 0 0 0 0 0 15761 6.1 2.9 91.0 0.0 0.0
0 0 854272 29116 0 0 0 0 0 0 0 20490 6.4 3.0 90.5 0.0 0.0
0 0 854272 48688 0 0 0 0 0 0 0 21070 6.5 3.2 90.3 0.0 0.0
0 0 854272 50348 0 0 0 0 0 0 0 22962 7.6 4.6 87.8 0.0 0.0
0 0 854272 57892 0 0 0 0 0 0 0 14185 7.8 3.6 88.6 0.0 0.0
0 0 854272 22784 0 0 0 0 0 0 0 27209 10.7 4.9 84.4 0.0 0.0
0 0 854272 74744 0 0 0 0 0 0 0 19549 8.9 4.3 86.8 0.0 0.0
0 0 854272 44080 0 0 0 0 0 0 0 8854 9.6 5.3 85.1 0.0 0.0
0 0 854272 18864 0 0 0 0 0 0 0 19747 9.3 5.2 85.5 0.0 0.0
0 0 854272 67840 0 0 0 0 0 0 0 11461 10.0 5.7 84.2 0.0 0.0
0 0 854272 34512 0 0 0 0 0 0 0 21789 9.7 5.4 84.9 0.0 0.0
0 0 854272 86436 0 0 0 0 0 0 0 19941 9.9 5.3 84.7 0.0 0.0
0 0 854272 79044 0 0 0 0 0 0 0 29768 10.1 5.6 84.3 0.0 0.0
0 0 854272 118352 0 0 0 0 0 0 0 19892 10.1 5.6 84.2 0.0 0.0
0 0 854272 78848 0 0 0 0 0 0 0 19681 10.3 6.0 83.6 0.0 0.0
0 0 854272 77880 0 0 0 0 0 0 0 26739 10.5 6.0 83.5 0.0 0.0
0 0 854272 105732 0 0 0 0 0 0 0 21760 10.4 5.7 83.9 0.0 0.0
0 0 854272 85816 0 0 0 0 0 0 0 8441 10.2 6.2 83.6 0.0 0.0
0 0 854272 32540 0 0 0 0 0 0 0 25258 10.0 5.7 84.3 0.0 0.0
0 0 854272 100312 0 0 0 0 0 0 0 26965 10.5 5.8 83.7 0.0 0.0
0 0 854272 107128 0 0 0 0 0 0 0 11968 10.4 5.8 83.9 0.0 0.0
0 0 854272 47140 0 0 0 0 0 0 0 19843 10.6 5.7 83.7 0.0 0.0
0 0 854272 78720 0 0 0 0 0 0 0 26105 10.9 5.9 83.2 0.0 0.0
0 0 854272 102224 0 0 0 0 0 0 0 25569 10.4 5.5 84.1 0.0 0.0
0 0 854272 100080 0 0 0 0 0 0 0 15996 10.6 5.8 83.6 0.0 0.0
0 0 854272 61776 0 0 0 0 0 0 0 17774 10.4 5.9 83.7 0.0 0.0
0 0 854272 68520 0 0 0 0 0 0 0 27309 10.3 5.7 84.0 0.0 0.0
0 0 854272 106660 0 0 0 0 0 0 0 13921 10.4 6.1 83.4 0.0 0.0
0 0 854272 53112 0 0 0 0 0 0 0 15914 10.2 5.6 84.2 0.0 0.0
0 0 854272 61080 0 0 0 0 0 0 0 18575 10.2 5.7 84.1 0.0 0.0
0 0 854272 71604 0 0 0 0 0 0 0 23440 10.8 5.7 83.5 0.0 0.0
0 0 854272 93288 0 0 0 0 0 0 0 24532 10.8 6.2 83.0 0.0 0.0
0 0 854272 97616 0 0 0 0 0 0 0 26675 10.1 5.4 84.4 0.0 0.0
0 0 854272 106308 0 0 0 0 0 0 0 29182 10.7 5.7 83.6 0.0 0.0
0 0 854272 116096 0 0 0 0 0 0 0 21295 9.0 5.0 86.0 0.0 0.0
0 0 854272 84504 0 0 0 0 0 0 0 28081 8.0 4.7 87.3 0.0 0.0
0 0 854272 111264 0 0 0 0 0 0 0 19130 6.6 3.9 89.4 0.0 0.0
0 0 854272 75344 0 0 0 0 0 0 0 19502 9.1 5.3 85.6 0.0 0.0
0 0 854272 76832 0 0 0 0 0 0 0 21405 10.5 6.2 83.3 0.0 0.0
0 0 854272 84444 0 0 0 0 0 0 0 21375 10.9 5.9 83.2 0.0 0.0
0 0 854272 84316 0 0 0 0 0 0 0 27614 10.3 5.5 84.2 0.0 0.0
0 0 854272 109248 0 0 0 0 0 0 0 19150 9.9 5.6 84.4 0.0 0.0
0 0 854272 75388 0 0 0 0 0 0 0 32212 10.2 5.7 84.1 0.0 0.0
0 0 854272 127516 0 0 0 0 0 0 0 23964 10.2 5.8 84.0 0.0 0.0
0 0 854272 94520 0 0 0 0 0 0 0 17414 13.1 7.3 79.5 0.0 0.0
0 0 854272 65096 0 0 0 0 0 0 0 23222 13.1 6.8 80.1 0.0 0.0
0 0 854272 88248 0 0 0 0 0 0 0 14179 10.4 5.5 84.1 0.0 0.0
0 0 854272 52076 0 0 0 0 0 0 0 14182 11.1 6.7 82.2 0.0 0.0
0 0 854272 52088 0 0 0 0 0 0 0 24110 10.6 5.8 83.6 0.0 0.0
0 0 854272 91668 0 0 0 0 0 0 0 12516 10.5 5.8 83.7 0.0 0.0
0 0 854272 45040 0 0 0 0 0 0 0 22243 10.0 5.5 84.5 0.0 0.0
0 0 854272 83948 0 0 0 0 0 0 0 17772 10.6 5.9 83.5 0.0 0.0
0 0 854272 65716 0 0 0 0 0 0 0 19650 10.5 5.8 83.7 0.0 0.0
0 0 854272 73100 0 0 0 0 0 0 0 26710 10.3 5.6 84.0 0.0 0.0
0 0 854272 101340 0 0 0 0 0 0 0 19718 11.3 6.2 82.5 0.0 0.0
0 0 854272 73368 0 0 0 0 0 0 0 18413 12.5 6.4 81.1 0.0 0.0
0 0 854272 68144 0 0 0 0 0 0 0 29734 10.2 6.1 83.7 0.0 0.0
0 0 854272 113304 0 0 0 0 0 0 0 31977 14.3 5.8 79.9 0.0 0.0
0 0 854272 122276 0 0 0 0 0 0 0 24766 10.1 5.7 84.1 0.0 0.0
0 0 854272 93436 0 0 0 0 0 0 0 18491 15.3 7.5 77.2 0.0 0.0
0 0 854272 64856 0 0 0 0 0 0 0 17516 13.0 6.8 80.2 0.0 0.0
0 0 854272 60708 0 0 0 0 0 0 0 22174 11.9 6.9 81.2 0.0 0.0
0 0 854272 77572 0 0 0 0 0 0 0 21050 17.9 11.6 70.5 0.0 0.0
0 0 854272 72956 0 0 0 0 0 0 0 25891 16.4 10.6 73.0 0.0 0.0
0 0 854272 91980 0 0 0 0 0 0 0 30394 16.0 11.3 72.7 0.0 0.0
0 0 854272 109688 0 0 0 0 0 0 0 36639 17.0 11.4 71.6 0.0 0.0
0 0 854272 134548 0 0 0 0 0 0 0 29016 16.8 10.2 73.1 0.0 0.0
0 0 854272 103380 0 0 0 0 0 0 0 25595 18.4 12.6 69.0 0.0 0.0
0 0 854272 89656 0 0 0 0 0 0 0 21871 18.2 15.3 66.5 0.0 0.0
0 0 854272 73376 0 0 0 0 0 0 0 18904 16.0 11.7 72.3 0.0 0.0
0 0 854272 59592 0 0 0 0 0 0 0 26284 11.3 6.5 82.3 0.0 0.0
0 0 854272 88804 0 0 0 0 0 0 0 25991 10.5 6.0 83.5 0.0 0.0
0 0 854272 100364 0 0 0 0 0 0 0 39371 10.2 5.6 84.1 0.0 0.0
0 0 854272 153880 0 0 0 0 0 0 0 34322 12.0 6.5 81.5 0.0 0.0
0 0 854272 133600 0 0 0 0 0 0 0 33743 11.2 7.9 80.9 0.0 0.0
0 0 854272 130560 0 0 0 0 0 0 0 34968 10.9 6.2 82.9 0.0 0.0
0 0 854272 135056 0 0 0 0 0 0 0 32365 11.2 6.0 82.9 0.0 0.0
0 0 854272 124388 0 0 0 0 0 0 0 31042 10.9 6.4 82.7 0.0 0.0
0 0 854272 118648 0 0 0 0 0 0 0 32639 10.1 5.6 84.4 0.0 0.0
0 0 854272 125032 0 0 0 0 0 0 0 29125 10.1 5.8 84.1 0.0 0.0
0 0 854272 110464 0 0 0 0 0 0 0 29648 10.2 5.8 84.0 0.0 0.0
0 0 854272 112796 0 0 0 0 0 0 0 36967 10.3 5.8 84.0 0.0 0.0
0 0 854272 141032 0 0 0 0 0 0 0 30685 10.1 5.7 84.2 0.0 0.0
0 0 854272 115776 0 0 0 0 0 0 0 30266 10.0 5.6 84.4 0.0 0.0
0 0 854272 114100 0 0 0 0 0 0 0 33173 10.9 5.9 83.3 0.0 0.0
0 0 854272 125728 0 0 0 0 0 0 0 30556 10.6 6.1 83.2 0.0 0.0
0 0 854272 115260 0 0 0 0 0 0 0 29073 10.9 6.7 82.3 0.0 0.0
0 0 854272 109328 0 0 0 0 0 0 0 34035 11.2 6.5 82.3 0.0 0.0
0 0 854272 129068 0 0 0 0 0 0 0 31617 13.6 6.4 80.0 0.0 0.0
0 0 854272 119252 0 0 0 0 0 0 0 33683 10.7 5.5 83.8 0.0 0.0
0 0 854272 127516 0 0 0 0 0 0 0 33778 10.4 5.6 84.1 0.0 0.0
0 0 854272 127896 0 0 0 0 0 0 0 28555 11.2 6.1 82.7 0.0 0.0
0 0 854272 107008 0 0 0 0 0 0 0 22372 11.7 6.6 81.8 0.0 0.0
0 0 854272 80548 0 0 0 0 0 0 0 31456 11.1 5.9 83.0 0.0 0.0
0 0 854272 116772 0 0 0 0 0 0 0 26676 8.7 4.9 86.4 0.0 0.0
0 0 854272 97520 0 0 0 0 0 0 0 23389 7.1 4.3 88.6 0.0 0.0
0 0 854272 84368 0 0 0 0 0 0 0 33675 6.7 4.1 89.2 0.0 0.0
0 0 854272 125512 0 0 0 0 0 0 0 31813 10.4 5.6 83.9 0.0 0.0
0 0 854272 118040 0 0 0 0 0 0 0 32136 13.1 6.6 80.3 0.0 0.0
0 0 854272 119080 0 0 0 0 0 0 0 32082 10.6 5.4 83.9 0.0 0.0
0 0 854272 118864 0 0 0 0 0 0 0 24331 10.3 5.7 84.0 0.0 0.0
0 0 854272 87860 0 0 0 0 0 0 0 27056 9.9 5.5 84.6 0.0 0.0
0 0 854272 98760 0 0 0 0 0 0 0 24605 10.2 5.7 84.0 0.0 0.0
0 0 854272 88720 0 0 0 0 0 0 0 20087 10.7 5.9 83.4 0.0 0.0
0 0 854272 70120 0 0 0 0 0 0 0 22387 10.2 5.9 83.9 0.0 0.0
0 0 854272 79224 0 0 0 0 0 0 0 18352 10.3 5.7 83.9 0.0 0.0
0 0 854272 62904 0 0 0 0 0 0 0 35163 10.5 6.4 83.1 0.0 0.0
0 0 854272 130036 0 0 0 0 0 0 0 32255 10.2 5.8 84.0 0.0 0.0
0 0 854272 118176 0 0 0 0 0 0 0 18711 11.0 7.1 82.0 0.0 0.0
0 0 854272 63508 0 0 0 0 0 0 0 22703 9.8 5.9 84.3 0.0 0.0
0 0 854272 80220 0 0 0 0 0 0 0 26800 11.4 5.9 82.7 0.0 0.0
0 0 854272 96344 0 0 0 0 0 0 0 30876 10.9 5.8 83.3 0.0 0.0
0 0 854272 112648 0 0 0 0 0 0 0 24677 9.9 5.5 84.6 0.0 0.0
0 0 854272 87856 0 0 0 0 0 0 0 20393 10.3 5.6 84.2 0.0 0.0
0 0 854272 70580 0 0 0 0 0 0 0 22888 10.5 5.8 83.7 0.0 0.0
0 0 854272 80528 0 0 0 0 0 0 0 27283 10.6 5.8 83.6 0.0 0.0
0 0 854272 98104 0 0 0 0 0 0 0 29385 10.4 5.6 83.9 0.0 0.0
0 0 854272 106512 0 0 0 0 0 0 0 22692 10.5 5.9 83.6 0.0 0.0
0 0 854272 79576 0 0 0 0 0 0 0 23283 10.0 5.6 84.4 0.0 0.0
0 0 854272 84312 0 0 0 0 0 0 0 28363 11.0 6.0 83.0 0.0 0.0
0 0 854272 103280 0 0 0 0 0 0 0 35073 11.0 5.9 83.1 0.0 0.0
0 0 854272 130116 0 0 0 0 0 0 0 25460 10.4 5.8 83.9 0.0 0.0
0 0 854272 91540 0 0 0 0 0 0 0 23591 10.3 6.1 83.6 0.0 0.0
0 0 854272 84064 0 0 0 0 0 0 0 25551 10.8 5.8 83.4 0.0 0.0
0 0 854272 91836 0 0 0 0 0 0 0 24263 10.4 5.6 83.9 0.0 0.0
0 0 854272 86752 0 0 0 0 0 0 0 25586 10.5 5.8 83.8 0.0 0.0
0 0 854272 92044 0 0 0 0 0 0 0 23956 9.9 5.7 84.4 0.0 0.0
0 0 854272 85404 0 0 0 0 0 0 0 18169 10.3 5.6 84.1 0.0 0.0
0 0 854272 72612 0 0 0 0 0 0 0 36474 10.5 6.6 83.0 0.0 0.0
0 0 854272 145820 0 0 0 0 0 0 0 23735 10.6 5.7 83.6 0.0 0.0
0 0 854272 94628 0 0 0 0 0 0 0 36519 10.0 5.6 84.4 0.0 0.0
0 0 854272 145764 0 0 0 0 0 0 0 28384 10.3 6.1 83.6 0.0 0.0
0 0 854272 113096 0 0 0 0 0 0 0 27427 10.3 5.9 83.8 0.0 0.0
0 0 854272 109268 0 0 0 0 0 0 0 28463 10.8 6.0 83.2 0.0 0.0
0 0 854272 113044 0 0 0 0 0 0 0 28825 10.2 5.9 83.8 0.0 0.0
0 0 854272 114472 0 0 0 0 0 0 0 33208 10.3 5.9 83.7 0.0 0.0
0 0 854272 130884 0 0 0 0 0 0 0 33927 10.3 6.2 83.5 0.0 0.0
0 0 854272 133988 0 0 0 0 0 0 0 29126 10.4 5.6 84.0 0.0 0.0
0 0 854272 114540 0 0 0 0 0 0 0 25463 10.3 5.8 83.9 0.0 0.0
0 0 854272 99888 0 0 0 0 0 0 0 28741 9.9 5.5 84.6 0.0 0.0
0 0 854272 113000 0 0 0 0 0 0 0 27997 10.7 5.8 83.4 0.0 0.0
0 0 854272 110024 0 0 0 0 0 0 0 14843 10.3 5.8 83.9 0.0 0.0
0 0 854272 57476 0 0 0 0 0 0 0 33782 11.0 6.0 83.0 0.0 0.0
0 0 854272 133044 0 0 0 0 0 0 0 35368 13.9 6.4 79.7 0.0 0.0
0 0 854272 138508 0 0 0 0 0 0 0 33909 10.2 5.7 84.0 0.0 0.0
0 0 854272 132672 0 0 0 0 0 0 0 28210 10.6 5.9 83.4 0.0 0.0
0 0 854272 109816 0 0 0 0 0 0 0 26052 10.5 5.8 83.7 0.0 0.0
0 0 854272 101124 0 0 0 0 0 0 0 31149 10.3 5.5 84.2 0.0 0.0
0 0 854272 121348 0 0 0 0 0 0 0 31390 10.7 5.7 83.6 0.0 0.0
0 0 854272 122312 0 0 0 0 0 0 0 35790 10.0 5.4 84.6 0.0 0.0
0 0 854272 139796 0 0 0 0 0 0 0 34913 10.9 6.1 83.0 0.0 0.0
0 0 854272 136288 0 0 0 0 0 0 0 35426 10.7 5.8 83.5 0.0 0.0
0 0 854272 138340 0 0 0 0 0 0 0 26559 11.4 6.1 82.4 0.0 0.0
0 0 854272 102868 0 0 0 0 0 0 0 28822 11.9 5.9 82.2 0.0 0.0
0 0 854272 111800 0 0 0 0 0 0 0 32637 6.9 4.2 88.9 0.0 0.0
0 0 854272 130232 0 0 0 0 0 0 0 38618 7.5 4.4 88.1 0.0 0.0
0 0 854272 152744 0 0 0 0 0 0 0 23588 10.3 5.8 83.8 0.0 0.0
0 0 854272 91264 0 0 0 0 0 0 0 32010 10.8 6.0 83.2 0.0 0.0
0 0 854272 124888 0 0 0 0 0 0 0 25529 11.3 6.0 82.7 0.0 0.0
0 0 854272 98828 0 0 0 0 0 0 0 22636 11.0 6.1 83.0 0.0 0.0
0 0 854272 86760 0 0 0 0 0 0 0 25909 11.2 6.1 82.7 0.0 0.0
0 0 854272 99176 0 0 0 0 0 0 0 31923 10.4 5.5 84.1 0.0 0.0
0 0 854272 123744 0 0 0 0 0 0 0 36647 10.4 6.1 83.6 0.0 0.0
0 0 854272 142760 0 0 0 0 0 0 0 30874 9.9 5.7 84.4 0.0 0.0
0 0 854272 119424 0 0 0 0 0 0 0 34286 10.6 5.6 83.8 0.0 0.0
0 0 854272 133072 0 0 0 0 0 0 0 29737 10.5 5.9 83.6 0.0 0.0
0 0 854272 114872 0 0 0 0 0 0 0 31161 9.8 6.2 84.0 0.0 0.0
0 0 854272 120440 0 0 0 0 0 0 0 23690 10.8 5.6 83.6 0.0 0.0
0 0 854272 90436 0 0 0 0 0 0 0 26456 10.7 5.7 83.6 0.0 0.0
0 0 854272 101500 0 0 0 0 0 0 0 28412 10.7 6.2 83.1 0.0 0.0
0 0 854272 109324 0 0 0 0 0 0 0 34318 10.5 5.8 83.7 0.0 0.0
0 0 854272 132840 0 0 0 0 0 0 0 29339 10.3 5.8 83.9 0.0 0.0
0 0 854272 112916 0 0 0 0 0 0 0 29382 10.2 5.6 84.2 0.0 0.0
0 0 854272 113088 0 0 0 0 0 0 0 27803 10.1 5.5 84.4 0.0 0.0
0 0 854272 106772 0 0 0 0 0 0 0 36344 10.2 5.6 84.2 0.0 0.0
0 0 854272 140820 0 0 0 0 0 0 0 34919 10.7 5.9 83.4 0.0 0.0
0 0 854272 135116 0 0 0 0 0 0 0 25891 10.7 5.6 83.6 0.0 0.0
0 0 854272 98476 0 0 0 0 0 0 0 31611 10.8 5.8 83.4 0.0 0.0
0 0 854272 121868 0 0 0 0 0 0 0 33803 10.0 5.6 84.4 0.0 0.0
0 0 854272 130520 0 0 0 0 0 0 0 30901 10.2 5.6 84.1 0.0 0.0
0 0 854272 118896 0 0 0 0 0 0 0 25709 10.4 5.7 83.9 0.0 0.0
0 0 854272 98128 0 0 0 0 0 0 0 21409 10.2 5.8 84.0 0.0 0.0
0 0 854272 80808 0 0 0 0 0 0 0 28457 10.6 5.6 83.8 0.0 0.0
0 0 854272 109000 0 0 0 0 0 0 0 26972 10.5 5.7 83.9 0.0 0.0
0 0 854272 103060 0 0 0 0 0 0 0 31698 10.2 5.6 84.2 0.0 0.0
0 0 854272 121964 0 0 0 0 0 0 0 35484 10.4 5.7 83.8 0.0 0.0
0 0 854272 136992 0 0 0 0 0 0 0 36177 10.6 5.6 83.8 0.0 0.0
0 0 854272 139764 0 0 0 0 0 0 0 33313 10.7 5.6 83.7 0.0 0.0
0 0 854272 128284 0 0 0 0 0 0 0 29033 10.0 6.6 83.4 0.0 0.0
0 0 854272 111084 0 0 0 0 0 0 0 26790 10.4 5.6 84.0 0.0 0.0
0 0 854272 101996 0 0 0 0 0 0 0 26799 10.4 5.7 84.0 0.0 0.0
0 0 854272 102032 0 0 0 0 0 0 0 20409 10.3 5.4 84.2 0.0 0.0
0 0 854272 76472 0 0 0 0 0 0 0 26082 10.1 5.9 84.0 0.0 0.0
0 0 854272 99164 0 0 0 0 0 0 0 33452 10.7 5.8 83.5 0.0 0.0
0 0 854272 128528 0 0 0 0 0 0 0 19644 10.6 5.6 83.8 0.0 0.0
0 0 854272 73328 0 0 0 0 0 0 0 21977 10.0 5.6 84.4 0.0 0.0
0 0 854272 82624 0 0 0 0 0 0 0 29131 10.2 6.3 83.5 0.0 0.0
0 0 854272 111240 0 0 0 0 0 0 0 26164 10.8 5.6 83.6 0.0 0.0
0 0 854272 99252 0 0 0 0 0 0 0 27529 10.7 5.9 83.4 0.0 0.0
0 0 854272 104712 0 0 0 0 0 0 0 28039 10.9 6.3 82.8 0.0 0.0
0 0 854272 106736 0 0 0 0 0 0 0 33965 10.5 5.6 83.9 0.0 0.0
0 0 854272 130440 0 0 0 0 0 0 0 33605 10.4 5.9 83.8 0.0 0.0
0 0 854272 128884 0 0 0 0 0 0 0 30728 10.2 5.5 84.4 0.0 0.0
0 0 854272 115944 0 0 0 0 0 0 0 34789 10.6 5.8 83.6 0.0 0.0
0 0 854272 132580 0 0 0 0 0 0 0 28657 10.7 6.5 82.9 0.0 0.0
0 0 854272 108052 0 0 0 0 0 0 0 30874 11.2 6.6 82.3 0.0 0.0
0 0 854272 116800 0 0 0 0 0 0 0 28744 11.3 6.3 82.5 0.0 0.0
0 0 854272 108280 0 0 0 0 0 0 0 24212 12.1 7.6 80.3 0.0 0.0
0 0 854272 92392 0 0 0 0 0 0 0 19096 10.1 5.6 84.4 0.0 0.0
0 0 854272 72052 0 0 0 0 0 0 0 19693 10.2 5.6 84.2 0.0 0.0
0 0 854272 74200 0 0 0 0 0 0 0 12684 10.2 5.7 84.1 0.0 0.0
0 0 854272 46160 0 0 0 0 0 0 0 14321 10.4 6.0 83.6 0.0 0.0
0 0 854272 54432 0 0 0 0 0 0 0 26759 10.3 5.7 84.0 0.0 0.0
0 0 854272 106984 0 0 0 0 0 0 0 24041 9.5 5.3 85.2 0.0 0.0
0 0 854272 95988 0 0 0 0 0 0 0 20257 8.3 4.7 87.0 0.0 0.0
0 0 854272 80852 0 0 0 0 0 0 0 17567 6.7 4.1 89.2 0.0 0.0
0 0 854272 69712 0 0 0 0 0 0 0 24247 7.9 4.7 87.4 0.0 0.0
0 0 854272 96428 0 0 0 0 0 0 0 24017 10.8 6.0 83.2 0.0 0.0
0 0 854272 95388 0 0 0 0 0 0 0 21986 10.6 5.9 83.5 0.0 0.0
0 0 854272 87264 0 0 0 0 0 0 0 17087 10.2 5.7 84.2 0.0 0.0
0 0 854272 67668 0 0 0 0 0 0 0 25134 10.2 5.5 84.3 0.0 0.0
0 0 854272 99228 0 0 0 0 0 0 0 23799 10.2 5.6 84.2 0.0 0.0
0 0 854272 94400 0 0 0 0 0 0 0 25458 10.6 5.6 83.8 0.0 0.0
0 0 854272 101036 0 0 0 0 0 0 0 18464 10.0 5.7 84.3 0.0 0.0
0 0 854272 73060 0 0 0 0 0 0 0 25559 10.4 5.8 83.9 0.0 0.0
0 0 854272 101088 0 0 0 0 0 0 0 22060 10.6 5.8 83.6 0.0 0.0
0 0 854272 87724 0 0 0 0 0 0 0 24619 10.2 6.3 83.6 0.0 0.0
0 0 854272 97960 0 0 0 0 0 0 0 22249 10.3 5.6 84.0 0.0 0.0
0 0 854272 88480 0 0 0 0 0 0 0 23681 11.2 5.8 83.0 0.0 0.0
0 0 854272 94092 0 0 0 0 0 0 0 28691 10.1 5.9 84.0 0.0 0.0
0 0 854272 114132 0 0 0 0 0 0 0 30328 10.1 5.6 84.3 0.0 0.0
0 0 854272 120680 0 0 0 0 0 0 0 17786 10.4 5.7 83.9 0.0 0.0
0 0 854272 70520 0 0 0 0 0 0 0 15308 10.3 5.6 84.2 0.0 0.0
0 0 854272 60484 0 0 0 0 0 0 0 21629 10.2 5.5 84.3 0.0 0.0
0 0 854272 85768 0 0 0 0 0 0 0 19075 10.9 6.1 83.0 0.0 0.0
0 0 854272 75552 0 0 0 0 0 0 0 26156 10.3 5.9 83.8 0.0 0.0
0 0 854272 103872 0 0 0 0 0 0 0 24961 11.7 7.1 81.1 0.0 0.0
0 0 854272 98976 0 0 0 0 0 0 0 20669 11.4 6.6 82.0 0.0 0.0
0 0 854272 81808 0 0 0 0 0 0 0 25697 10.3 5.6 84.2 0.0 0.0
0 0 854272 101920 0 0 0 0 0 0 0 23084 10.2 5.5 84.2 0.0 0.0
0 0 854272 91468 0 0 0 0 0 0 0 18012 10.1 5.8 84.1 0.0 0.0
0 0 854272 71064 0 0 0 0 0 0 0 21903 10.6 5.6 83.8 0.0 0.0
0 0 854272 86624 0 0 0 0 0 0 0 22698 10.1 5.8 84.1 0.0 0.0
0 0 854272 89804 0 0 0 0 0 0 0 19012 9.9 5.5 84.6 0.0 0.0
0 0 854272 75060 0 0 0 0 0 0 0 29985 10.6 5.6 83.7 0.0 0.0
0 0 854272 118324 0 0 0 0 0 0 0 26636 10.5 5.7 83.8 0.0 0.0
0 0 854272 105448 0 0 0 0 0 0 0 12097 10.6 5.9 83.4 0.0 0.0
0 0 854272 47284 0 0 0 0 0 0 0 19029 10.3 5.8 83.9 0.0 0.0
0 0 854272 75012 0 0 0 0 0 0 0 22625 10.4 6.9 82.7 0.0 0.0
0 0 854272 89292 0 0 0 0 0 0 0 17313 10.0 5.7 84.4 0.0 0.0
0 0 854272 67916 0 0 0 0 0 0 0 16974 10.0 5.4 84.6 0.0 0.0
0 0 854272 66564 0 0 0 0 0 0 0 19148 10.3 5.5 84.2 0.0 0.0
0 0 854272 75256 0 0 0 0 0 0 0 23640 10.1 5.9 84.1 0.0 0.0
0 0 854272 94456 0 0 0 0 0 0 0 32699 10.0 5.4 84.6 0.0 0.0
0 0 854272 130564 0 0 0 0 0 0 0 22207 10.4 5.8 83.7 0.0 0.0
0 0 854272 90128 0 0 0 0 0 0 0 28084 10.5 5.9 83.6 0.0 0.0
0 0 854272 111716 0 0 0 0 0 0 0 26147 10.0 6.2 83.8 0.0 0.0
0 0 854272 103968 0 0 0 0 0 0 0 20384 10.0 5.6 84.4 0.0 0.0
0 0 854272 80800 0 0 0 0 0 0 0 23111 10.4 5.9 83.7 0.0 0.0
0 0 854272 91708 0 0 0 0 0 0 0 30585 10.5 5.6 83.9 0.0 0.0
0 0 854272 121604 0 0 0 0 0 0 0 33058 10.3 5.7 84.0 0.0 0.0
0 0 854272 131472 0 0 0 0 0 0 0 30957 10.2 5.6 84.3 0.0 0.0
0 0 854272 123008 0 0 0 0 0 0 0 33369 10.1 5.6 84.3 0.0 0.0
0 0 854272 132596 0 0 0 0 0 0 0 20921 9.9 5.4 84.6 0.0 0.0
0 0 854272 82804 0 0 0 0 0 0 0 22087 11.3 6.1 82.6 0.0 0.0
0 0 854272 87468 0 0 0 0 0 0 0 25669 12.1 8.2 79.7 0.0 0.0
0 0 854272 101680 0 0 0 0 0 0 0 36050 12.5 7.9 79.5 0.0 0.0
0 0 854272 143204 0 0 0 0 0 0 0 23552 11.4 6.9 81.7 0.0 0.0
0 0 854272 93220 0 0 0 0 0 0 0 23372 10.0 5.6 84.4 0.0 0.0
0 0 854272 92492 0 0 0 0 0 0 0 25763 10.0 5.6 84.4 0.0 0.0
0 0 854272 101940 0 0 0 0 0 0 0 29575 10.9 5.7 83.3 0.0 0.0
0 0 854272 117188 0 0 0 0 0 0 0 30006 10.2 5.7 84.1 0.0 0.0
0 0 854272 118912 0 0 0 0 0 0 0 25216 10.4 5.8 83.8 0.0 0.0
0 0 854272 99752 0 0 0 0 0 0 0 27615 9.1 5.1 85.8 0.0 0.0
0 0 854272 109228 0 0 0 0 0 0 0 25665 8.6 4.9 86.5 0.0 0.0
0 0 854272 101452 0 0 0 0 0 0 0 18964 6.5 4.1 89.4 0.0 0.0
0 0 854272 74640 0 0 0 0 0 0 0 16947 9.0 5.3 85.7 0.0 0.0
0 0 854272 66552 0 0 0 0 0 0 0 22448 10.4 5.4 84.2 0.0 0.0
0 0 854272 88188 0 0 0 0 0 0 0 22030 12.2 6.6 81.2 0.0 0.0
0 0 854272 82732 0 0 0 0 0 0 0 19769 10.3 5.6 84.1 0.0 0.0
0 0 854272 73656 0 0 0 0 0 0 0 21943 10.3 5.8 83.9 0.0 0.0
0 0 854272 82228 0 0 0 0 0 0 0 20869 11.0 5.8 83.2 0.0 0.0
0 0 854272 76784 0 0 0 0 0 0 0 20854 10.4 5.8 83.8 0.0 0.0
0 0 854272 76664 0 0 0 0 0 0 0 20961 10.5 6.4 83.1 0.0 0.0
0 0 854272 77092 0 0 0 0 0 0 0 29429 12.7 7.8 79.4 0.0 0.0
0 0 854272 110848 0 0 0 0 0 0 0 29435 11.1 6.5 82.4 0.0 0.0
0 0 854272 110888 0 0 0 0 0 0 0 26318 10.8 6.2 83.1 0.0 0.0
0 0 854272 98460 0 0 0 0 0 0 0 21197 10.6 5.6 83.8 0.0 0.0
0 0 854272 77916 0 0 0 0 0 0 0 20483 10.5 6.3 83.2 0.0 0.0
0 0 854272 74940 0 0 0 0 0 0 0 22786 10.2 5.6 84.1 0.0 0.0
0 0 854272 84148 0 0 0 0 0 0 0 22884 10.5 5.9 83.6 0.0 0.0
0 0 854272 84328 0 0 0 0 0 0 0 19999 10.6 5.5 83.9 0.0 0.0
0 0 854272 72784 0 0 0 0 0 0 0 20707 10.4 5.8 83.8 0.0 0.0
0 0 854272 75500 0 0 0 0 0 0 0 18161 10.1 5.6 84.3 0.0 0.0
0 0 854272 65316 0 0 0 0 0 0 0 24961 10.9 6.2 82.8 0.0 0.0
0 0 854272 92516 0 0 0 0 0 0 0 22485 10.2 5.7 84.1 0.0 0.0
0 0 854272 82608 0 0 0 0 0 0 0 27213 10.5 5.6 83.9 0.0 0.0
0 0 854272 101404 0 0 0 0 0 0 0 27431 10.8 5.8 83.4 0.0 0.0
0 0 854272 102276 0 0 0 0 0 0 0 4264 22.7 9.6 67.7 0.0 0.0
0 0 854272 15436 0 0 0 0 0 0 0 5210 23.2 12.4 64.4 0.0 0.0
0 0 854272 15684 0 0 0 0 0 0 0 13341 18.5 11.0 70.5 0.0 0.0
0 0 854272 45888 0 0 0 0 0 0 0 10845 25.4 13.8 60.8 0.0 0.0
0 0 854272 29808 0 0 0 0 0 0 0 20435 17.1 10.6 72.3 0.0 0.0
0 0 854272 66252 0 0 0 0 0 0 0 13748 13.5 8.9 77.6 0.0 0.0
0 0 854272 37124 0 0 0 0 0 0 0 7135 9.9 6.9 83.2 0.0 0.0
0 0 854272 14476 0 0 0 0 0 0 0 20746 9.6 6.0 84.4 0.0 0.0
0 0 854272 68264 0 0 0 0 0 0 0 7410 9.9 6.4 83.7 0.0 0.0
0 0 854272 17068 0 0 0 0 0 0 0 8674 13.5 7.7 78.7 0.0 0.0
0 0 854272 25348 0 0 0 0 0 0 0 14044 12.8 7.5 79.8 0.0 0.0
0 0 854272 42004 0 0 0 0 0 0 0 20323 12.3 6.5 81.2 0.0 0.0
0 0 854272 61660 0 0 0 0 0 0 0 10651 14.3 6.6 79.1 0.0 0.0
0 0 854272 20808 0 0 0 0 0 0 0 29093 13.6 8.3 78.1 0.0 0.0
0 0 854272 96348 0 0 0 0 0 0 0 23071 11.9 5.9 82.2 0.0 0.0
0 0 854272 71336 0 0 0 0 0 0 0 32703 11.7 6.5 81.8 0.0 0.0
0 0 854272 117940 0 0 0 0 0 0 0 22225 11.3 6.1 82.5 0.0 0.0
0 0 854272 74472 0 0 0 0 0 0 0 27039 9.8 5.6 84.6 0.0 0.0
0 0 854272 92936 0 0 0 0 0 0 0 31687 9.2 6.3 84.5 0.0 0.0
0 0 854272 110920 0 0 0 0 0 0 0 27521 9.9 6.1 84.0 0.0 0.0
0 0 854272 91924 0 0 0 0 0 0 0 18791 9.0 5.9 85.1 0.0 0.0
0 0 854272 56320 0 0 0 0 0 0 0 31151 9.1 5.6 85.2 0.0 0.0
0 0 854272 105028 0 0 0 0 0 0 0 19152 9.1 5.7 85.2 0.0 0.0
0 0 854272 55996 0 0 0 0 0 0 0 27232 9.4 5.6 85.0 0.0 0.0
0 0 854272 88792 0 0 0 0 0 0 0 27536 9.4 5.5 85.1 0.0 0.0
0 0 854272 88760 0 0 0 0 0 0 0 28181 9.0 5.7 85.3 0.0 0.0
0 0 854272 91240 0 0 0 0 0 0 0 24280 9.2 5.5 85.3 0.0 0.0
0 0 854272 74980 0 0 0 0 0 0 0 27313 8.9 5.6 85.5 0.0 0.0
0 0 854272 86960 0 0 0 0 0 0 0 29862 9.2 5.6 85.2 0.0 0.0
0 0 854272 97744 0 0 0 0 0 0 0 25521 8.9 5.6 85.5 0.0 0.0
0 0 854272 79360 0 0 0 0 0 0 0 22688 8.4 5.2 86.4 0.0 0.0
0 0 854272 67852 0 0 0 0 0 0 0 30483 9.0 5.5 85.4 0.0 0.0
0 0 854272 98956 0 0 0 0 0 0 0 29852 8.3 5.4 86.3 0.0 0.0
0 0 854272 96316 0 0 0 0 0 0 0 27943 8.7 5.5 85.9 0.0 0.0
0 0 854272 88400 0 0 0 0 0 0 0 24416 10.1 5.9 84.0 0.0 0.0
0 0 854272 71376 0 0 0 0 0 0 0 15202 10.4 6.4 83.1 0.0 0.0
0 0 854272 31648 0 0 0 0 0 0 0 21289 8.8 5.8 85.4 0.0 0.0
0 0 854272 55572 0 0 0 0 0 0 0 27583 8.7 5.8 85.5 0.0 0.0
0 0 854272 80608 0 0 0 0 0 0 0 20071 8.0 5.4 86.7 0.0 0.0
0 0 854272 50244 0 0 0 0 0 0 0 24905 9.0 5.8 85.2 0.0 0.0
0 0 854272 69824 0 0 0 0 0 0 0 17735 8.0 5.3 86.8 0.0 0.0
0 0 854272 40532 0 0 0 0 0 0 0 31542 8.4 5.5 86.1 0.0 0.0
0 0 854272 95536 0 0 0 0 0 0 0 22723 18.9 11.1 70.0 0.0 0.0
0 0 854272 33504 0 0 0 0 0 0 0 81227 18.3 24.1 57.6 0.0 0.0
0 0 854272 55756 0 0 0 0 0 0 0 83441 9.5 6.7 83.8 0.0 0.0
0 0 854272 64612 0 0 0 0 0 0 0 81464 9.5 6.6 84.0 0.0 0.0
0 0 854272 56656 0 0 0 0 0 0 0 83122 9.6 6.0 84.4 0.0 0.0
0 0 854272 68536 0 0 0 0 0 0 0 26567 10.6 7.7 81.6 0.0 0.0
0 0 854272 24876 0 0 0 0 0 0 0 25932 20.8 9.9 69.3 0.0 0.0
0 0 854272 75968 0 0 0 0 0 0 0 28637 10.2 6.4 83.4 0.0 0.0
0 0 854272 86548 0 0 0 0 0 0 0 21666 10.1 6.7 83.2 0.0 0.0
0 0 854272 62424 0 0 0 0 0 0 0 25300 11.0 6.5 82.4 0.0 0.0
0 0 854272 76740 0 0 0 0 0 0 0 28565 9.7 6.5 83.9 0.0 0.0
0 0 854272 89764 0 0 0 0 0 0 0 29690 10.0 6.5 83.5 0.0 0.0
0 0 854272 94036 0 0 0 0 0 0 0 20073 11.8 6.5 81.7 0.0 0.0
0 0 854272 54452 0 0 0 0 0 0 0 16998 11.3 6.3 82.4 0.0 0.0
0 0 854272 65904 0 0 0 0 0 0 0 12394 10.8 5.3 83.9 0.0 0.0
0 0 854272 46956 0 0 0 0 0 0 0 15853 9.2 5.3 85.4 0.0 0.0
0 0 854272 61172 0 0 0 0 0 0 0 22490 9.3 5.4 85.2 0.0 0.0
0 0 854272 87276 0 0 0 0 0 0 0 18187 9.7 5.6 84.7 0.0 0.0
0 0 854272 70140 0 0 0 0 0 0 0 28592 12.3 6.0 81.7 0.0 0.0
0 0 854272 112104 0 0 0 0 0 0 0 27927 9.8 6.0 84.2 0.0 0.0
0 0 854272 108692 0 0 0 0 0 0 0 16878 9.5 6.2 84.3 0.0 0.0
0 0 854272 64152 0 0 0 0 0 0 0 23836 9.7 6.5 83.8 0.0 0.0
0 0 854272 91472 0 0 0 0 0 0 0 8744 8.7 6.0 85.3 0.0 0.0
0 0 854272 30804 0 0 0 0 0 0 0 17128 8.5 5.8 85.7 0.0 0.0
0 0 854272 64252 0 0 0 0 0 0 0 18088 9.2 5.8 85.0 0.0 0.0
0 0 854272 67588 0 0 0 0 0 0 0 11492 10.9 7.3 81.8 0.0 0.0
0 0 854272 36252 0 0 0 0 0 0 0 12524 19.2 10.2 70.6 0.0 0.0
0 0 854272 37460 0 0 0 0 0 0 0 15354 14.1 10.0 75.9 0.0 0.0
0 0 854272 51116 0 0 0 0 0 0 0 15845 22.3 15.7 62.0 0.0 0.0
0 0 854272 44680 0 0 0 0 0 0 0 21292 33.9 18.9 47.1 0.0 0.0
0 0 854272 57480 0 0 0 0 0 0 0 14410 19.4 12.7 67.9 0.0 0.0
0 0 854272 29664 0 0 0 0 0 0 0 10565 19.2 12.3 68.5 0.0 0.0
0 0 854272 12124 0 0 0 0 0 0 0 22719 17.2 9.9 72.9 0.0 0.0
0 0 854272 54784 0 0 0 0 0 0 0 20026 12.9 7.4 79.7 0.0 0.0
0 0 854272 43896 0 0 0 0 0 0 0 21308 15.3 8.8 75.9 0.0 0.0
0 0 854272 46808 0 0 0 0 0 0 0 14045 15.7 8.9 75.3 0.0 0.0
0 0 854272 23508 0 0 0 0 0 0 0 27074 13.7 8.3 78.0 0.0 0.0
0 0 854272 71412 0 0 0 0 0 0 0 11218 14.0 8.4 77.6 0.0 0.0
0 0 854272 16336 0 0 0 0 0 0 0 16296 14.2 8.1 77.7 0.0 0.0
0 0 854272 40960 0 0 0 0 0 0 0 31300 13.8 8.6 77.6 0.0 0.0
0 0 854272 110520 0 0 0 0 0 0 0 7323 13.6 8.3 78.1 0.0 0.0
0 0 854272 15936 0 0 0 0 0 0 0 27365 13.4 7.1 79.5 0.0 0.0
0 0 854272 95968 0 0 0 0 0 0 0 23321 12.8 7.4 79.8 0.0 0.0
0 0 854272 79408 0 0 0 0 0 0 0 19020 13.1 7.2 79.6 0.0 0.0
0 0 854272 64760 0 0 0 0 0 0 0 15346 19.2 14.2 66.6 0.0 0.0
0 0 854272 52420 0 0 0 0 0 0 0 13916 25.8 15.0 59.3 0.0 0.0
0 0 854272 48064 0 0 0 0 0 0 0 17966 16.3 12.6 71.1 0.0 0.0
0 0 854272 64188 0 0 0 0 0 0 0 13416 12.3 7.1 80.6 0.0 0.0
0 0 854272 45984 0 0 0 0 0 0 0 22108 13.1 7.5 79.4 0.0 0.0
0 0 854272 80012 0 0 0 0 0 0 0 38492 13.1 8.0 78.9 0.0 0.0
0 0 854272 145408 0 0 0 0 0 0 0 44260 13.4 8.6 78.0 0.0 0.0
0 0 854272 168420 0 0 0 0 0 0 0 39332 16.9 10.4 72.8 0.0 0.0
0 0 854272 148580 0 0 0 0 0 0 0 36436 17.0 10.5 72.5 0.0 0.0
0 0 854272 136956 0 0 0 0 0 0 0 24090 16.1 8.6 75.3 0.0 0.0
0 0 854272 87440 0 0 0 0 0 0 0 17602 11.7 6.4 81.9 0.0 0.0
0 0 854272 63892 0 0 0 0 0 0 0 26449 10.5 5.7 83.8 0.0 0.0
0 0 854272 99740 0 0 0 0 0 0 0 28664 10.8 5.9 83.3 0.0 0.0
0 0 854272 108596 0 0 0 0 0 0 0 24863 10.5 5.9 83.6 0.0 0.0
0 0 854272 92740 0 0 0 0 0 0 0 20437 11.2 5.9 82.9 0.0 0.0
0 0 854272 75492 0 0 0 0 0 0 0 23965 9.9 5.7 84.4 0.0 0.0
0 0 854272 89548 0 0 0 0 0 0 0 19522 10.6 5.9 83.5 0.0 0.0
0 0 854272 71776 0 0 0 0 0 0 0 12318 10.6 5.7 83.7 0.0 0.0
0 0 854272 42836 0 0 0 0 0 0 0 23358 10.4 5.7 83.9 0.0 0.0
0 0 854272 86996 0 0 0 0 0 0 0 24000 10.2 5.7 84.1 0.0 0.0
0 0 854272 89564 0 0 0 0 0 0 0 23789 11.0 5.8 83.1 0.0 0.0
0 0 854272 88720 0 0 0 0 0 0 0 16902 10.5 6.6 82.8 0.0 0.0
0 0 854272 61044 0 0 0 0 0 0 0 25864 10.2 5.5 84.3 0.0 0.0
0 0 854272 96892 0 0 0 0 0 0 0 25827 10.8 5.8 83.5 0.0 0.0
0 0 854272 96744 0 0 0 0 0 0 0 16668 9.9 5.7 84.4 0.0 0.0
0 0 854272 60168 0 0 0 0 0 0 0 28817 10.5 5.8 83.7 0.0 0.0
0 0 854272 108576 0 0 0 0 0 0 0 17308 10.3 5.8 83.9 0.0 0.0
0 0 854272 62476 0 0 0 0 0 0 0 24355 10.3 5.8 83.9 0.0 0.0
0 0 854272 90392 0 0 0 0 0 0 0 19372 10.0 5.7 84.3 0.0 0.0
0 0 854272 70208 0 0 0 0 0 0 0 28974 11.0 5.8 83.2 0.0 0.0
0 0 854272 108492 0 0 0 0 0 0 0 26766 10.6 5.6 83.7 0.0 0.0
0 0 854272 99660 0 0 0 0 0 0 0 23369 10.8 6.1 83.1 0.0 0.0
0 0 854272 86068 0 0 0 0 0 0 0 25836 10.6 5.9 83.5 0.0 0.0
0 0 854272 95936 0 0 0 0 0 0 0 20886 10.1 5.4 84.5 0.0 0.0
0 0 854272 75900 0 0 0 0 0 0 0 24133 10.2 5.7 84.2 0.0 0.0
0 0 854272 88880 0 0 0 0 0 0 0 21442 10.4 5.8 83.7 0.0 0.0
0 0 854272 78084 0 0 0 0 0 0 0 13332 10.1 5.7 84.2 0.0 0.0
0 0 854272 45132 0 0 0 0 0 0 0 22120 11.0 5.9 83.1 0.0 0.0
0 0 854272 80676 0 0 0 0 0 0 0 25925 10.1 5.5 84.4 0.0 0.0
0 0 854272 95892 0 0 0 0 0 0 0 17353 8.5 4.8 86.7 0.0 0.0
0 0 854272 61216 0 0 0 0 0 0 0 18905 7.2 4.4 88.4 0.0 0.0
0 0 854272 67184 0 0 0 0 0 0 0 18752 7.9 4.7 87.4 0.0 0.0
0 0 854272 66168 0 0 0 0 0 0 0 21541 11.7 6.8 81.4 0.0 0.0
0 0 854272 78432 0 0 0 0 0 0 0 23105 11.9 6.2 82.0 0.0 0.0
0 0 854272 84320 0 0 0 0 0 0 0 12927 11.8 6.5 81.8 0.0 0.0
0 0 854272 42096 0 0 0 0 0 0 0 18388 10.7 6.0 83.3 0.0 0.0
0 0 854272 63460 0 0 0 0 0 0 0 25088 10.6 5.5 83.9 0.0 0.0
0 0 854272 90104 0 0 0 0 0 0 0 16474 10.3 5.8 83.9 0.0 0.0
0 0 854272 55644 0 0 0 0 0 0 0 19776 10.3 5.6 84.1 0.0 0.0
0 0 854272 68852 0 0 0 0 0 0 0 19235 10.5 5.6 83.9 0.0 0.0
0 0 854272 66688 0 0 0 0 0 0 0 18065 10.2 5.7 84.1 0.0 0.0
0 0 854272 61892 0 0 0 0 0 0 0 24108 10.5 6.2 83.3 0.0 0.0
0 0 854272 85688 0 0 0 0 0 0 0 19148 9.9 5.5 84.6 0.0 0.0
0 0 854272 66848 0 0 0 0 0 0 0 18342 10.2 5.8 84.1 0.0 0.0
0 0 854272 62600 0 0 0 0 0 0 0 17520 10.3 5.6 84.1 0.0 0.0
0 0 854272 59040 0 0 0 0 0 0 0 11248 10.4 5.7 83.9 0.0 0.0
0 0 854272 34084 0 0 0 0 0 0 0 27389 10.7 6.6 82.7 0.0 0.0
0 0 854272 98508 0 0 0 0 0 0 0 15986 9.7 5.5 84.8 0.0 0.0
0 0 854272 52904 0 0 0 0 0 0 0 20615 10.5 5.4 84.2 0.0 0.0
0 0 854272 71412 0 0 0 0 0 0 0 22946 10.1 5.8 84.1 0.0 0.0
0 0 854272 80736 0 0 0 0 0 0 0 25532 10.2 5.8 84.1 0.0 0.0
0 0 854272 90960 0 0 0 0 0 0 0 30696 10.7 5.8 83.5 0.0 0.0
0 0 854272 111616 0 0 0 0 0 0 0 30940 10.4 5.7 83.9 0.0 0.0
0 0 854272 112592 0 0 0 0 0 0 0 32911 10.5 5.7 83.8 0.0 0.0
0 0 854272 120360 0 0 0 0 0 0 0 28286 10.3 5.7 84.0 0.0 0.0
0 0 854272 101848 0 0 0 0 0 0 0 24111 10.2 5.7 84.0 0.0 0.0
0 0 854272 85144 0 0 0 0 0 0 0 19980 10.5 5.6 83.9 0.0 0.0
0 0 854272 68620 0 0 0 0 0 0 0 32877 10.3 5.8 83.9 0.0 0.0
0 0 854272 120092 0 0 0 0 0 0 0 36048 10.1 5.5 84.3 0.0 0.0
0 0 854272 132776 0 0 0 0 0 0 0 35705 10.5 5.6 83.8 0.0 0.0
0 0 854272 131404 0 0 0 0 0 0 0 18655 9.7 5.3 85.0 0.0 0.0
0 0 854272 63204 0 0 0 0 0 0 0 18855 10.5 5.9 83.6 0.0 0.0
0 0 854272 63888 0 0 0 0 0 0 0 26130 10.2 5.6 84.1 0.0 0.0
0 0 854272 92988 0 0 0 0 0 0 0 34452 10.6 5.8 83.7 0.0 0.0
0 0 854272 126276 0 0 0 0 0 0 0 28175 10.3 5.5 84.1 0.0 0.0
0 0 854272 100612 0 0 0 0 0 0 0 29599 10.0 5.6 84.4 0.0 0.0
0 0 854272 106816 0 0 0 0 0 0 0 27322 9.9 5.7 84.4 0.0 0.0
0 0 854272 97540 0 0 0 0 0 0 0 31812 10.4 5.8 83.8 0.0 0.0
0 0 854272 115496 0 0 0 0 0 0 0 36033 10.9 6.1 83.1 0.0 0.0
0 0 854272 132264 0 0 0 0 0 0 0 29504 10.9 5.9 83.2 0.0 0.0
0 0 854272 106148 0 0 0 0 0 0 0 17823 10.2 6.0 83.8 0.0 0.0
0 0 854272 59424 0 0 0 0 0 0 0 34204 10.2 6.3 83.6 0.0 0.0
0 0 854272 124944 0 0 0 0 0 0 0 29182 9.8 5.4 84.9 0.0 0.0
0 0 854272 104860 0 0 0 0 0 0 0 29174 10.7 5.9 83.4 0.0 0.0
0 0 854272 104704 0 0 0 0 0 0 0 29409 10.3 5.5 84.3 0.0 0.0
0 0 854272 105644 0 0 0 0 0 0 0 32333 10.9 6.3 82.8 0.0 0.0
0 0 854272 117344 0 0 0 0 0 0 0 31868 10.6 5.7 83.7 0.0 0.0
0 0 854272 115480 0 0 0 0 0 0 0 24879 10.0 5.4 84.6 0.0 0.0
0 0 854272 87404 0 0 0 0 0 0 0 34320 10.3 5.6 84.1 0.0 0.0
0 0 854272 125168 0 0 0 0 0 0 0 21725 10.3 5.8 83.9 0.0 0.0
0 0 854272 74788 0 0 0 0 0 0 0 29765 9.9 5.8 84.3 0.0 0.0
0 0 854272 106952 0 0 0 0 0 0 0 34890 10.3 5.9 83.8 0.0 0.0
0 0 854272 127336 0 0 0 0 0 0 0 22552 11.3 6.1 82.6 0.0 0.0
0 0 854272 77864 0 0 0 0 0 0 0 31732 10.3 5.7 83.9 0.0 0.0
0 0 854272 114584 0 0 0 0 0 0 0 32281 10.5 5.6 83.9 0.0 0.0
0 0 854272 116780 0 0 0 0 0 0 0 26372 10.4 6.1 83.4 0.0 0.0
0 0 854272 93024 0 0 0 0 0 0 0 33989 10.4 6.0 83.6 0.0 0.0
0 0 854272 123476 0 0 0 0 0 0 0 31692 10.9 6.0 83.1 0.0 0.0
0 0 854272 114288 0 0 0 0 0 0 0 26986 9.9 5.6 84.5 0.0 0.0
0 0 854272 95460 0 0 0 0 0 0 0 34103 8.8 4.7 86.4 0.0 0.0
0 0 854272 123808 0 0 0 0 0 0 0 29287 6.4 3.9 89.6 0.0 0.0
0 0 854272 104544 0 0 0 0 0 0 0 31052 8.2 4.7 87.0 0.0 0.0
0 0 854272 111316 0 0 0 0 0 0 0 28078 15.0 7.0 78.1 0.0 0.0
0 0 854272 98772 0 0 0 0 0 0 0 27606 10.2 5.8 84.0 0.0 0.0
0 0 854272 96884 0 0 0 0 0 0 0 22263 10.6 5.9 83.5 0.0 0.0
0 0 854272 75512 0 0 0 0 0 0 0 28673 11.4 6.3 82.4 0.0 0.0
0 0 854272 103160 0 0 0 0 0 0 0 25230 10.5 5.7 83.8 0.0 0.0
0 0 854272 87732 0 0 0 0 0 0 0 27860 10.6 5.8 83.6 0.0 0.0
0 0 854272 98252 0 0 0 0 0 0 0 27810 10.5 5.8 83.7 0.0 0.0
0 0 854272 98052 0 0 0 0 0 0 0 32692 11.1 6.3 82.6 0.0 0.0
0 0 854272 117464 0 0 0 0 0 0 0 16413 9.9 5.6 84.6 0.0 0.0
0 0 854272 53884 0 0 0 0 0 0 0 27472 10.4 6.4 83.3 0.0 0.0
0 0 854272 96580 0 0 0 0 0 0 0 30348 12.8 6.4 80.8 0.0 0.0
0 0 854272 108124 0 0 0 0 0 0 0 34781 10.5 5.8 83.8 0.0 0.0
0 0 854272 125816 0 0 0 0 0 0 0 40719 10.0 5.8 84.2 0.0 0.0
0 0 854272 149452 0 0 0 0 0 0 0 28262 10.7 6.1 83.2 0.0 0.0
0 0 854272 99568 0 0 0 0 0 0 0 36300 10.2 6.1 83.7 0.0 0.0
0 0 854272 131716 0 0 0 0 0 0 0 27760 10.1 5.4 84.5 0.0 0.0
0 0 854272 97440 0 0 0 0 0 0 0 33843 9.8 5.5 84.7 0.0 0.0
0 0 854272 121772 0 0 0 0 0 0 0 33914 11.0 5.9 83.1 0.0 0.0
0 0 854272 122064 0 0 0 0 0 0 0 25740 10.0 5.7 84.4 0.0 0.0
0 0 854272 89356 0 0 0 0 0 0 0 33802 10.4 5.5 84.0 0.0 0.0
0 0 854272 121604 0 0 0 0 0 0 0 24838 10.3 5.9 83.9 0.0 0.0
0 0 854272 85628 0 0 0 0 0 0 0 36045 9.9 5.7 84.4 0.0 0.0
0 0 854272 130456 0 0 0 0 0 0 0 28042 11.4 6.1 82.5 0.0 0.0
0 0 854272 98428 0 0 0 0 0 0 0 21873 15.6 9.1 75.3 0.0 0.0
0 0 854272 73752 0 0 0 0 0 0 0 33744 14.7 9.1 76.3 0.0 0.0
0 0 854272 121120 0 0 0 0 0 0 0 12637 19.1 9.9 71.0 0.0 0.0
0 0 854272 35192 0 0 0 0 0 0 0 12356 11.7 7.1 81.2 0.0 0.0
0 0 854272 28152 0 0 0 0 0 0 0 12575 10.6 5.4 84.0 0.0 0.0
0 0 854272 38384 0 0 0 0 0 0 0 11302 11.6 6.4 82.0 0.0 0.0
0 0 854272 31056 0 0 0 0 0 0 0 22252 13.2 6.6 80.1 0.0 0.0
0 0 854272 74080 0 0 0 0 0 0 0 21441 22.3 10.9 66.8 0.0 0.0
0 0 854272 68848 0 0 0 0 0 0 0 14672 22.0 12.4 65.6 0.0 0.0
0 0 854272 42404 0 0 0 0 0 0 0 10626 19.1 12.5 68.4 0.0 0.0
0 0 854272 25028 0 0 0 0 0 0 0 9787 25.2 11.5 63.3 0.0 0.0
0 0 854272 15828 0 0 0 0 0 0 0 24558 16.3 9.0 74.7 0.0 0.0
0 0 854272 72896 0 0 0 0 0 0 0 26888 13.3 6.4 80.3 0.0 0.0
0 0 854272 77304 0 0 0 0 0 0 0 10919 23.6 13.5 62.9 0.0 0.0
0 0 854272 14300 0 0 0 0 0 0 0 10953 21.5 9.4 69.1 0.0 0.0
0 0 854272 16316 0 0 0 0 0 0 0 12611 20.8 8.8 70.3 0.0 0.0
0 0 854272 19832 0 0 0 0 0 0 0 16881 13.9 6.7 79.3 0.0 0.0
0 0 854272 38712 0 0 0 0 0 0 0 22041 11.8 6.0 82.1 0.0 0.0
0 0 854272 56352 0 0 0 0 0 0 0 21905 12.0 6.5 81.5 0.0 0.0
0 0 854272 48328 0 0 0 0 0 0 0 20745 10.4 5.8 83.8 0.0 0.0
0 0 854272 42376 0 0 0 0 0 0 0 11130 13.3 6.9 79.8 0.0 0.0
0 0 854272 26412 0 0 0 0 0 0 0 22045 10.4 6.0 83.6 0.0 0.0
0 0 854272 69852 0 0 0 0 0 0 0 26002 10.1 5.6 84.3 0.0 0.0
0 0 854272 84232 0 0 0 0 0 0 0 7451 9.0 4.7 86.3 0.0 0.0
0 0 854272 17020 0 0 0 0 0 0 0 23774 10.2 5.9 83.9 0.0 0.0
0 0 854272 81484 0 0 0 0 0 0 0 26353 11.2 5.4 83.4 0.0 0.0
0 0 854272 91420 0 0 0 0 0 0 0 28874 9.8 5.2 85.0 0.0 0.0
0 0 854272 109836 0 0 0 0 0 0 0 28563 9.7 5.2 85.1 0.0 0.0
0 0 854272 108348 0 0 0 0 0 0 0 21581 10.6 5.6 83.8 0.0 0.0
0 0 854272 78892 0 0 0 0 0 0 0 21324 8.8 4.9 86.3 0.0 0.0
0 0 854272 77864 0 0 0 0 0 0 0 21935 9.2 4.9 85.9 0.0 0.0
0 0 854272 80296 0 0 0 0 0 0 0 23850 8.7 4.7 86.6 0.0 0.0
0 0 854272 87944 0 0 0 0 0 0 0 32425 9.3 5.1 85.5 0.0 0.0
0 0 854272 122076 0 0 0 0 0 0 0 25027 9.3 5.3 85.4 0.0 0.0
0 0 854272 94528 0 0 0 0 0 0 0 26172 9.2 4.8 86.0 0.0 0.0
0 0 854272 97060 0 0 0 0 0 0 0 27124 9.3 5.3 85.4 0.0 0.0
0 0 854272 100868 0 0 0 0 0 0 0 24939 9.2 5.0 85.8 0.0 0.0
0 0 854272 92192 0 0 0 0 0 0 0 34346 9.0 4.9 86.1 0.0 0.0
0 0 854272 129600 0 0 0 0 0 0 0 27025 9.0 4.7 86.3 0.0 0.0
0 0 854272 100296 0 0 0 0 0 0 0 26143 9.5 4.9 85.6 0.0 0.0
0 0 854272 96652 0 0 0 0 0 0 0 27007 9.0 5.0 86.0 0.0 0.0
0 0 854272 99832 0 0 0 0 0 0 0 21273 8.5 4.8 86.7 0.0 0.0
0 0 854272 78688 0 0 0 0 0 0 0 27761 9.1 4.8 86.1 0.0 0.0
0 0 854272 102840 0 0 0 0 0 0 0 17683 8.7 4.7 86.6 0.0 0.0
0 0 854272 62408 0 0 0 0 0 0 0 20845 9.3 4.9 85.8 0.0 0.0
0 0 854272 75016 0 0 0 0 0 0 0 18547 10.6 5.2 84.2 0.0 0.0
0 0 854272 65820 0 0 0 0 0 0 0 23520 10.5 5.7 83.8 0.0 0.0
0 0 854272 85724 0 0 0 0 0 0 0 25082 9.9 4.9 85.2 0.0 0.0
0 0 854272 91852 0 0 0 0 0 0 0 18882 9.2 4.8 85.9 0.0 0.0
0 0 854272 67024 0 0 0 0 0 0 0 26920 9.9 5.5 84.6 0.0 0.0
0 0 854272 99176 0 0 0 0 0 0 0 19620 9.0 5.4 85.7 0.0 0.0
0 0 854272 68444 0 0 0 0 0 0 0 23377 9.4 5.0 85.6 0.0 0.0
0 0 854272 83084 0 0 0 0 0 0 0 21106 9.1 4.8 86.0 0.0 0.0
0 0 854272 73980 0 0 0 0 0 0 0 20765 9.1 5.1 85.8 0.0 0.0
0 0 854272 71860 0 0 0 0 0 0 0 27914 8.9 4.9 86.2 0.0 0.0
0 0 854272 100332 0 0 0 0 0 0 0 23778 8.9 4.8 86.2 0.0 0.0
0 0 854272 83788 0 0 0 0 0 0 0 19274 8.9 4.9 86.2 0.0 0.0
0 0 854272 65768 0 0 0 0 0 0 0 24471 8.5 4.7 86.8 0.0 0.0
0 0 854272 86556 0 0 0 0 0 0 0 36150 9.7 4.9 85.4 0.0 0.0
0 0 854272 133112 0 0 0 0 0 0 0 28095 9.6 4.9 85.5 0.0 0.0
0 0 854272 100892 0 0 0 0 0 0 0 25369 9.2 5.0 85.8 0.0 0.0
0 0 854272 89988 0 0 0 0 0 0 0 26388 9.0 4.8 86.3 0.0 0.0
0 0 854272 93948 0 0 0 0 0 0 0 24040 8.8 4.7 86.5 0.0 0.0
0 0 854272 84556 0 0 0 0 0 0 0 26057 8.7 4.7 86.6 0.0 0.0
0 0 854272 92624 0 0 0 0 0 0 0 26071 9.1 5.0 85.9 0.0 0.0
0 0 854272 92680 0 0 0 0 0 0 0 15208 9.1 4.9 85.9 0.0 0.0
0 0 854272 49112 0 0 0 0 0 0 0 18530 9.0 4.8 86.2 0.0 0.0
0 0 854272 62396 0 0 0 0 0 0 0 23374 8.5 4.6 86.9 0.0 0.0
0 0 854272 81260 0 0 0 0 0 0 0 9233 10.5 5.4 84.1 0.0 0.0
0 0 854272 21428 0 0 0 0 0 0 0 27021 8.8 4.9 86.3 0.0 0.0
0 0 854272 92460 0 0 0 0 0 0 0 23724 9.1 4.8 86.0 0.0 0.0
0 0 854272 80036 0 0 0 0 0 0 0 13239 10.6 6.1 83.3 0.0 0.0
0 0 854272 37712 0 0 0 0 0 0 0 14932 8.9 4.9 86.1 0.0 0.0
0 0 854272 42948 0 0 0 0 0 0 0 11146 8.7 4.6 86.7 0.0 0.0
0 0 854272 27684 0 0 0 0 0 0 0 22653 9.4 4.9 85.6 0.0 0.0
0 0 854272 73712 0 0 0 0 0 0 0 14266 10.3 6.0 83.7 0.0 0.0
0 0 854272 36728 0 0 0 0 0 0 0 14765 9.4 6.1 84.5 0.0 0.0
0 0 854272 38252 0 0 0 0 0 0 0 15843 9.1 4.7 86.2 0.0 0.0
0 0 854272 42564 0 0 0 0 0 0 0 25230 9.1 4.9 86.0 0.0 0.0
0 0 854272 80104 0 0 0 0 0 0 0 32742 8.7 4.6 86.6 0.0 0.0
0 0 854272 110156 0 0 0 0 0 0 0 28047 9.1 4.9 86.0 0.0 0.0
0 0 854272 91280 0 0 0 0 0 0 0 26721 8.9 4.8 86.3 0.0 0.0
0 0 854272 85976 0 0 0 0 0 0 0 29417 10.2 5.1 84.7 0.0 0.0
0 0 854272 96464 0 0 0 0 0 0 0 27036 8.5 4.7 86.8 0.0 0.0
0 0 854272 86940 0 0 0 0 0 0 0 31200 9.3 5.0 85.6 0.0 0.0
0 0 854272 103476 0 0 0 0 0 0 0 25397 9.3 5.1 85.6 0.0 0.0
0 0 854272 80264 0 0 0 0 0 0 0 29185 9.1 4.9 86.0 0.0 0.0
0 0 854272 95412 0 0 0 0 0 0 0 33018 9.1 4.7 86.1 0.0 0.0
0 0 854272 110712 0 0 0 0 0 0 0 14256 9.4 4.9 85.8 0.0 0.0
0 0 854272 36116 0 0 0 0 0 0 0 26589 9.0 4.8 86.2 0.0 0.0
0 0 854272 85432 0 0 0 0 0 0 0 28626 9.0 5.1 85.9 0.0 0.0
0 0 854272 93628 0 0 0 0 0 0 0 24153 9.6 5.1 85.4 0.0 0.0
0 0 854272 75600 0 0 0 0 0 0 0 13782 9.2 4.9 85.9 0.0 0.0
0 0 854272 34108 0 0 0 0 0 0 0 30727 9.8 5.7 84.5 0.0 0.0
0 0 854272 101856 0 0 0 0 0 0 0 26307 9.6 5.2 85.2 0.0 0.0
0 0 854272 84156 0 0 0 0 0 0 0 26546 9.3 4.9 85.9 0.0 0.0
0 0 854272 84348 0 0 0 0 0 0 0 29106 10.3 5.0 84.7 0.0 0.0
0 0 854272 95068 0 0 0 0 0 0 0 19259 8.8 4.9 86.3 0.0 0.0
0 0 854272 55640 0 0 0 0 0 0 0 21501 9.0 4.9 86.1 0.0 0.0
0 0 854272 64608 0 0 0 0 0 0 0 20061 9.2 4.9 85.8 0.0 0.0
0 0 854272 58724 0 0 0 0 0 0 0 30430 8.7 5.0 86.3 0.0 0.0
0 0 854272 100200 0 0 0 0 0 0 0 22469 8.9 4.6 86.4 0.0 0.0
0 0 854272 68356 0 0 0 0 0 0 0 21615 8.6 4.7 86.7 0.0 0.0
0 0 854272 64940 0 0 0 0 0 0 0 34978 9.0 4.8 86.2 0.0 0.0
0 0 854272 118268 0 0 0 0 0 0 0 28728 9.8 5.0 85.2 0.0 0.0
0 0 854272 92568 0 0 0 0 0 0 0 29159 9.4 4.9 85.8 0.0 0.0
0 0 854272 94264 0 0 0 0 0 0 0 23948 8.8 5.3 85.9 0.0 0.0
0 0 854272 72784 0 0 0 0 0 0 0 34029 9.1 4.9 86.0 0.0 0.0
0 0 854272 113116 0 0 0 0 0 0 0 29658 8.8 4.9 86.3 0.0 0.0
0 0 854272 94764 0 0 0 0 0 0 0 31209 9.6 5.0 85.4 0.0 0.0
0 0 854272 101992 0 0 0 0 0 0 0 31188 9.4 5.7 85.0 0.0 0.0
0 0 854272 101764 0 0 0 0 0 0 0 30731 8.8 4.8 86.3 0.0 0.0
0 0 854272 99424 0 0 0 0 0 0 0 21358 8.8 4.5 86.7 0.0 0.0
0 0 854272 62440 0 0 0 0 0 0 0 28724 9.2 4.9 85.9 0.0 0.0
0 0 854272 91760 0 0 0 0 0 0 0 37339 9.7 5.3 85.0 0.0 0.0
0 0 854272 126220 0 0 0 0 0 0 0 21483 10.0 5.8 84.2 0.0 0.0
0 0 854272 62780 0 0 0 0 0 0 0 27382 9.8 5.7 84.5 0.0 0.0
0 0 854272 85804 0 0 0 0 0 0 0 25053 9.1 4.7 86.2 0.0 0.0
0 0 854272 74796 0 0 0 0 0 0 0 26318 9.1 4.9 86.0 0.0 0.0
0 0 854272 79328 0 0 0 0 0 0 0 31173 9.1 5.0 85.9 0.0 0.0
0 0 854272 99260 0 0 0 0 0 0 0 19285 9.2 4.8 86.0 0.0 0.0
0 0 854272 51444 0 0 0 0 0 0 0 29547 8.8 4.8 86.4 0.0 0.0
0 0 854272 92492 0 0 0 0 0 0 0 28032 8.8 4.8 86.4 0.0 0.0
0 0 854272 86432 0 0 0 0 0 0 0 26453 10.2 4.8 85.0 0.0 0.0
0 0 854272 80116 0 0 0 0 0 0 0 31140 8.7 4.7 86.6 0.0 0.0
0 0 854272 98744 0 0 0 0 0 0 0 16838 9.2 4.9 85.9 0.0 0.0
0 0 854272 41532 0 0 0 0 0 0 0 24588 8.8 4.7 86.5 0.0 0.0
0 0 854272 72544 0 0 0 0 0 0 0 20340 10.3 5.6 84.1 0.0 0.0
0 0 854272 55528 0 0 0 0 0 0 0 34492 10.4 4.9 84.7 0.0 0.0
0 0 854272 112024 0 0 0 0 0 0 0 20138 9.2 5.0 85.8 0.0 0.0
0 0 854272 54632 0 0 0 0 0 0 0 24659 9.2 4.9 85.9 0.0 0.0
0 0 854272 72692 0 0 0 0 0 0 0 30925 9.1 5.0 85.9 0.0 0.0
0 0 854272 97640 0 0 0 0 0 0 0 20657 8.6 4.6 86.8 0.0 0.0
0 0 854272 56556 0 0 0 0 0 0 0 23792 8.8 4.9 86.3 0.0 0.0
0 0 854272 69096 0 0 0 0 0 0 0 40938 8.6 4.8 86.5 0.0 0.0
0 0 854272 137812 0 0 0 0 0 0 0 32447 9.4 4.9 85.7 0.0 0.0
0 0 854272 103592 0 0 0 0 0 0 0 36426 9.3 5.8 84.9 0.0 0.0
0 0 854272 119496 0 0 0 0 0 0 0 39855 10.1 5.8 84.2 0.0 0.0
0 0 854272 133212 0 0 0 0 0 0 0 31066 9.8 5.8 84.3 0.0 0.0
0 0 854272 98148 0 0 0 0 0 0 0 28770 9.2 4.8 86.0 0.0 0.0
0 0 854272 88692 0 0 0 0 0 0 0 20802 8.8 5.0 86.2 0.0 0.0
0 0 854272 56820 0 0 0 0 0 0 0 25067 9.1 4.7 86.1 0.0 0.0
0 0 854272 73868 0 0 0 0 0 0 0 19110 9.2 5.3 85.5 0.0 0.0
0 0 854272 50484 0 0 0 0 0 0 0 26399 8.9 4.7 86.4 0.0 0.0
0 0 854272 78548 0 0 0 0 0 0 0 20446 9.1 4.7 86.2 0.0 0.0
0 0 854272 54564 0 0 0 0 0 0 0 28372 9.2 5.0 85.8 0.0 0.0
0 0 854272 86268 0 0 0 0 0 0 0 33372 9.1 5.0 85.9 0.0 0.0
0 0 854272 106200 0 0 0 0 0 0 0 23316 9.0 4.6 86.4 0.0 0.0
0 0 854272 65916 0 0 0 0 0 0 0 17467 8.9 5.0 86.1 0.0 0.0
0 0 854272 42436 0 0 0 0 0 0 0 19699 9.2 4.9 86.0 0.0 0.0
0 0 854272 51432 0 0 0 0 0 0 0 23368 9.1 4.9 86.1 0.0 0.0
0 0 854272 65988 0 0 0 0 0 0 0 25500 9.0 4.9 86.1 0.0 0.0
0 0 854272 74516 0 0 0 0 0 0 0 21238 8.7 4.7 86.6 0.0 0.0
0 0 854272 57468 0 0 0 0 0 0 0 22134 9.2 4.7 86.1 0.0 0.0
0 0 854272 61052 0 0 0 0 0 0 0 25636 9.6 5.0 85.4 0.0 0.0
0 0 854272 74952 0 0 0 0 0 0 0 27207 9.4 5.2 85.4 0.0 0.0
0 0 854272 81236 0 0 0 0 0 0 0 32283 9.2 4.8 86.0 0.0 0.0
0 0 854272 101024 0 0 0 0 0 0 0 30342 8.9 4.9 86.2 0.0 0.0
0 0 854272 93656 0 0 0 0 0 0 0 21861 9.0 4.8 86.2 0.0 0.0
0 0 854272 59732 0 0 0 0 0 0 0 18435 9.7 5.5 84.7 0.0 0.0
0 0 854272 46028 0 0 0 0 0 0 0 29313 8.8 4.7 86.5 0.0 0.0
0 0 854272 89540 0 0 0 0 0 0 0 29011 9.1 5.0 86.0 0.0 0.0
0 0 854272 88212 0 0 0 0 0 0 0 31821 8.9 4.7 86.3 0.0 0.0
0 0 854272 99452 0 0 0 0 0 0 0 34011 9.1 5.1 85.9 0.0 0.0
0 0 854272 108200 0 0 0 0 0 0 0 24161 8.9 4.7 86.4 0.0 0.0
0 0 854272 68852 0 0 0 0 0 0 0 32120 8.7 5.0 86.3 0.0 0.0
0 0 854272 100568 0 0 0 0 0 0 0 36741 9.6 5.4 85.0 0.0 0.0
0 0 854272 119052 0 0 0 0 0 0 0 34307 8.9 4.8 86.3 0.0 0.0
0 0 854272 109316 0 0 0 0 0 0 0 31328 8.8 4.7 86.5 0.0 0.0
0 0 854272 97276 0 0 0 0 0 0 0 36418 8.7 5.0 86.3 0.0 0.0
0 0 854272 117520 0 0 0 0 0 0 0 35052 8.9 5.7 85.5 0.0 0.0
0 0 854272 112032 0 0 0 0 0 0 0 29328 9.0 4.7 86.3 0.0 0.0
0 0 854272 89136 0 0 0 0 0 0 0 36990 9.1 4.9 86.0 0.0 0.0
0 0 854272 119784 0 0 0 0 0 0 0 34652 9.1 4.7 86.2 0.0 0.0
0 0 854272 110288 0 0 0 0 0 0 0 34479 9.0 4.9 86.1 0.0 0.0
0 0 854272 109596 0 0 0 0 0 0 0 41518 9.5 5.1 85.4 0.0 0.0
0 0 854272 137752 0 0 0 0 0 0 0 38072 9.3 5.2 85.5 0.0 0.0
0 0 854272 123844 0 0 0 0 0 0 0 35318 9.2 4.9 85.9 0.0 0.0
0 0 854272 112828 0 0 0 0 0 0 0 28172 9.5 4.9 85.7 0.0 0.0
0 0 854272 84304 0 0 0 0 0 0 0 21905 9.1 4.7 86.2 0.0 0.0
0 0 854272 59176 0 0 0 0 0 0 0 35330 9.6 5.1 85.3 0.0 0.0
0 0 854272 112740 0 0 0 0 0 0 0 27095 10.1 5.8 84.2 0.0 0.0
0 0 854272 79780 0 0 0 0 0 0 0 33337 9.7 5.2 85.1 0.0 0.0
0 0 854272 104596 0 0 0 0 0 0 0 34928 10.0 5.2 84.8 0.0 0.0
0 0 854272 109800 0 0 0 0 0 0 0 32631 11.6 5.3 83.1 0.0 0.0
0 0 854272 100492 0 0 0 0 0 0 0 35156 9.3 4.9 85.7 0.0 0.0
0 0 854272 110580 0 0 0 0 0 0 0 27633 9.4 5.0 85.7 0.0 0.0
0 0 854272 80356 0 0 0 0 0 0 0 27482 9.4 5.1 85.5 0.0 0.0
0 0 854272 79752 0 0 0 0 0 0 0 34148 9.1 4.8 86.1 0.0 0.0
0 0 854272 106416 0 0 0 0 0 0 0 28068 8.6 5.2 86.2 0.0 0.0
0 0 854272 82092 0 0 0 0 0 0 0 30085 10.8 4.9 84.3 0.0 0.0
0 0 854272 90036 0 0 0 0 0 0 0 26502 9.1 4.9 86.0 0.0 0.0
0 0 854272 75704 0 0 0 0 0 0 0 35802 9.0 4.8 86.2 0.0 0.0
0 0 854272 112904 0 0 0 0 0 0 0 27071 9.6 4.9 85.6 0.0 0.0
0 0 854272 77976 0 0 0 0 0 0 0 20573 11.1 5.2 83.6 0.0 0.0
0 0 854272 51844 0 0 0 0 0 0 0 30183 10.3 6.4 83.3 0.0 0.0
0 0 854272 89736 0 0 0 0 0 0 0 33930 9.0 5.6 85.3 0.0 0.0
0 0 854272 105168 0 0 0 0 0 0 0 29193 9.7 5.0 85.3 0.0 0.0
0 0 854272 86212 0 0 0 0 0 0 0 19936 9.1 4.9 86.0 0.0 0.0
0 0 854272 49060 0 0 0 0 0 0 0 21179 8.8 4.8 86.3 0.0 0.0
0 0 854272 54032 0 0 0 0 0 0 0 28777 9.5 4.9 85.6 0.0 0.0
0 0 854272 84424 0 0 0 0 0 0 0 29519 8.9 4.9 86.2 0.0 0.0
0 0 854272 87392 0 0 0 0 0 0 0 28874 9.0 5.2 85.8 0.0 0.0
0 0 854272 84696 0 0 0 0 0 0 0 27037 10.2 5.6 84.2 0.0 0.0
0 0 854272 77348 0 0 0 0 0 0 0 26351 9.0 4.9 86.0 0.0 0.0
0 0 854272 74604 0 0 0 0 0 0 0 22271 9.4 4.9 85.7 0.0 0.0
0 0 854272 58160 0 0 0 0 0 0 0 19813 8.8 4.9 86.3 0.0 0.0
0 0 854272 48328 0 0 0 0 0 0 0 27629 9.4 4.9 85.7 0.0 0.0
0 0 854272 79580 0 0 0 0 0 0 0 24648 9.4 5.1 85.5 0.0 0.0
0 0 854272 67648 0 0 0 0 0 0 0 24058 9.2 5.0 85.8 0.0 0.0
0 0 854272 65168 0 0 0 0 0 0 0 22053 9.2 4.9 85.9 0.0 0.0
0 0 854272 57132 0 0 0 0 0 0 0 21979 9.2 4.9 85.9 0.0 0.0
0 0 854272 56836 0 0 0 0 0 0 0 19545 8.9 4.7 86.4 0.0 0.0
0 0 854272 46464 0 0 0 0 0 0 0 19839 8.9 4.7 86.3 0.0 0.0
0 0 854272 48140 0 0 0 0 0 0 0 24257 8.9 4.7 86.3 0.0 0.0
0 0 854272 65812 0 0 0 0 0 0 0 25627 9.0 4.8 86.2 0.0 0.0
0 0 854272 71292 0 0 0 0 0 0 0 23894 9.3 4.9 85.8 0.0 0.0
0 0 854272 64236 0 0 0 0 0 0 0 25272 9.4 5.0 85.6 0.0 0.0
0 0 854272 69748 0 0 0 0 0 0 0 26359 8.6 4.6 86.8 0.0 0.0
0 0 854272 74096 0 0 0 0 0 0 0 31818 9.9 5.3 84.9 0.0 0.0
0 0 854272 95768 0 0 0 0 0 0 0 30985 9.4 4.8 85.8 0.0 0.0
0 0 854272 92436 0 0 0 0 0 0 0 38666 8.9 4.7 86.4 0.0 0.0
0 0 854272 123160 0 0 0 0 0 0 0 32689 10.3 5.2 84.5 0.0 0.0
0 0 854272 98300 0 0 0 0 0 0 0 32810 10.6 5.5 83.9 0.0 0.0
0 0 854272 93716 0 0 0 0 0 0 0 37402 9.3 4.8 85.9 0.0 0.0
0 0 854272 112084 0 0 0 0 0 0 0 15053 10.0 6.0 84.0 0.0 0.0
0 0 854272 22680 0 0 0 0 0 0 0 29881 9.0 5.4 85.6 0.0 0.0
0 0 854272 81840 0 0 0 0 0 0 0 31931 8.8 4.8 86.5 0.0 0.0
0 0 854272 90016 0 0 0 0 0 0 0 27509 8.7 4.4 86.8 0.0 0.0
0 0 854272 72328 0 0 0 0 0 0 0 35470 9.3 4.9 85.8 0.0 0.0
0 0 854272 104052 0 0 0 0 0 0 0 21847 9.2 5.8 85.1 0.0 0.0
0 0 854272 49200 0 0 0 0 0 0 0 32252 8.9 4.9 86.2 0.0 0.0
0 0 854272 90820 0 0 0 0 0 0 0 34936 9.1 4.8 86.1 0.0 0.0
0 0 854272 101548 0 0 0 0 0 0 0 34706 9.4 4.9 85.7 0.0 0.0
0 0 854272 100628 0 0 0 0 0 0 0 30143 8.6 4.7 86.6 0.0 0.0
0 0 854272 82404 0 0 0 0 0 0 0 34965 9.0 4.9 86.1 0.0 0.0
0 0 854272 101504 0 0 0 0 0 0 0 36092 8.9 4.8 86.3 0.0 0.0
0 0 854272 106012 0 0 0 0 0 0 0 35306 9.3 5.0 85.7 0.0 0.0
0 0 854272 102748 0 0 0 0 0 0 0 35346 9.0 4.8 86.2 0.0 0.0
0 0 854272 102908 0 0 0 0 0 0 0 34868 9.0 4.9 86.1 0.0 0.0
0 0 854272 100964 0 0 0 0 0 0 0 35365 10.1 5.3 84.5 0.0 0.0
0 0 854272 102952 0 0 0 0 0 0 0 35084 8.7 4.7 86.5 0.0 0.0
0 0 854272 101708 0 0 0 0 0 0 0 35139 10.6 4.8 84.6 0.0 0.0
0 0 854272 102048 0 0 0 0 0 0 0 34626 10.7 5.1 84.3 0.0 0.0
0 0 854272 99876 0 0 0 0 0 0 0 29934 8.9 4.7 86.4 0.0 0.0
0 0 854272 80476 0 0 0 0 0 0 0 29883 9.5 4.8 85.7 0.0 0.0
0 0 854272 80332 0 0 0 0 0 0 0 37547 8.8 4.8 86.4 0.0 0.0
0 0 854272 111436 0 0 0 0 0 0 0 31363 11.1 6.0 83.0 0.0 0.0
0 0 854272 86716 0 0 0 0 0 0 0 29435 9.0 5.0 86.0 0.0 0.0
0 0 854272 78884 0 0 0 0 0 0 0 36162 9.3 4.8 85.9 0.0 0.0
0 0 854272 105792 0 0 0 0 0 0 0 31457 8.9 4.9 86.2 0.0 0.0
0 0 854272 86972 0 0 0 0 0 0 0 36014 9.1 4.9 86.1 0.0 0.0
0 0 854272 105188 0 0 0 0 0 0 0 33968 9.0 4.9 86.2 0.0 0.0
0 0 854272 96884 0 0 0 0 0 0 0 40273 9.9 5.0 85.1 0.0 0.0
0 0 854272 122100 0 0 0 0 0 0 0 19963 8.5 4.7 86.7 0.0 0.0
0 0 854272 40860 0 0 0 0 0 0 0 32153 9.5 5.5 85.0 0.0 0.0
0 0 854272 89504 0 0 0 0 0 0 0 34476 9.1 4.9 85.9 0.0 0.0
0 0 854272 98792 0 0 0 0 0 0 0 25126 8.9 4.8 86.3 0.0 0.0
0 0 854272 61392 0 0 0 0 0 0 0 37200 9.2 5.1 85.8 0.0 0.0
0 0 854272 109688 0 0 0 0 0 0 0 25164 8.8 4.7 86.4 0.0 0.0
0 0 854272 60864 0 0 0 0 0 0 0 30170 9.0 4.9 86.1 0.0 0.0
0 0 854272 81400 0 0 0 0 0 0 0 37556 8.9 4.6 86.5 0.0 0.0
0 0 854272 110824 0 0 0 0 0 0 0 15893 8.9 4.9 86.3 0.0 0.0
0 0 854272 25452 0 0 0 0 0 0 0 31688 9.4 4.9 85.6 0.0 0.0
0 0 854272 87232 0 0 0 0 0 0 0 32738 8.9 4.9 86.1 0.0 0.0
0 0 854272 91432 0 0 0 0 0 0 0 31571 9.3 5.0 85.7 0.0 0.0
0 0 854272 86764 0 0 0 0 0 0 0 28636 9.0 4.8 86.3 0.0 0.0
0 0 854272 75020 0 0 0 0 0 0 0 24666 9.1 5.0 85.9 0.0 0.0
0 0 854272 59024 0 0 0 0 0 0 0 35221 9.1 4.9 86.0 0.0 0.0
0 0 854272 101268 0 0 0 0 0 0 0 21745 10.7 5.6 83.8 0.0 0.0
0 0 854272 47164 0 0 0 0 0 0 0 28866 9.5 5.1 85.4 0.0 0.0
0 0 854272 75536 0 0 0 0 0 0 0 24103 8.8 4.8 86.4 0.0 0.0
0 0 854272 56440 0 0 0 0 0 0 0 13672 8.5 4.8 86.7 0.0 0.0
0 0 854272 14716 0 0 0 0 0 0 0 25227 9.8 5.1 85.2 0.0 0.0
0 0 854272 60924 0 0 0 0 0 0 0 24426 8.5 5.0 86.5 0.0 0.0
0 0 854272 56700 0 0 0 0 0 0 0 31057 9.4 4.8 85.8 0.0 0.0
0 0 854272 84128 0 0 0 0 0 0 0 36453 9.8 5.3 84.9 0.0 0.0
0 0 854272 105712 0 0 0 0 0 0 0 34344 9.1 5.2 85.8 0.0 0.0
0 0 854272 97276 0 0 0 0 0 0 0 27886 9.2 4.8 86.0 0.0 0.0
0 0 854272 71328 0 0 0 0 0 0 0 31892 9.2 4.7 86.0 0.0 0.0
0 0 854272 87384 0 0 0 0 0 0 0 26957 9.9 4.7 85.4 0.0 0.0
0 0 854272 67608 0 0 0 0 0 0 0 29380 8.8 4.9 86.2 0.0 0.0
0 0 854272 77180 0 0 0 0 0 0 0 38715 8.9 4.6 86.5 0.0 0.0
0 0 854272 114520 0 0 0 0 0 0 0 28974 11.6 5.8 82.7 0.0 0.0
0 0 854272 73284 0 0 0 0 0 0 0 28334 9.0 4.9 86.1 0.0 0.0
0 0 854272 70724 0 0 0 0 0 0 0 32165 9.4 5.8 84.8 0.0 0.0
0 0 854272 85916 0 0 0 0 0 0 0 33634 9.1 5.1 85.8 0.0 0.0
0 0 854272 91728 0 0 0 0 0 0 0 36379 10.6 5.5 83.9 0.0 0.0
0 0 854272 102928 0 0 0 0 0 0 0 32513 9.4 5.2 85.4 0.0 0.0
0 0 854272 87336 0 0 0 0 0 0 0 31074 9.0 4.8 86.2 0.0 0.0
0 0 854272 81604 0 0 0 0 0 0 0 36921 10.2 7.2 82.6 0.0 0.0
0 0 854272 104916 0 0 0 0 0 0 0 23819 9.6 6.0 84.4 0.0 0.0
0 0 854272 51464 0 0 0 0 0 0 0 24049 9.9 5.2 84.9 0.0 0.0
0 0 854272 52380 0 0 0 0 0 0 0 31515 9.9 5.7 84.4 0.0 0.0
0 0 854272 82124 0 0 0 0 0 0 0 32177 10.3 6.1 83.6 0.0 0.0
0 0 854272 84572 0 0 0 0 0 0 0 30403 10.1 5.2 84.6 0.0 0.0
0 0 854272 77268 0 0 0 0 0 0 0 28390 9.2 4.8 85.9 0.0 0.0
0 0 854272 69016 0 0 0 0 0 0 0 17830 21.0 8.9 70.0 0.0 0.0
0 0 854272 66128 0 0 0 0 0 0 0 19298 9.8 5.0 85.2 0.0 0.0
0 0 854272 71968 0 0 0 0 0 0 0 22315 14.5 6.5 79.0 0.0 0.0
0 0 854272 83920 0 0 0 0 0 0 0 16585 9.7 5.5 84.9 0.0 0.0
0 0 854272 63596 0 0 0 0 0 0 0 14656 9.4 4.9 85.7 0.0 0.0
0 0 854272 55928 0 0 0 0 0 0 0 16344 9.4 5.1 85.5 0.0 0.0
0 0 854272 56392 0 0 0 0 0 0 0 9917 10.0 5.7 84.3 0.0 0.0
0 0 854272 27228 0 0 0 0 0 0 0 17855 8.9 5.2 85.9 0.0 0.0
0 0 854272 60888 0 0 0 0 0 0 0 27615 9.2 4.9 85.9 0.0 0.0
0 0 854272 98552 0 0 0 0 0 0 0 17983 8.9 4.9 86.2 0.0 0.0
0 0 854272 59628 0 0 0 0 0 0 0 24990 9.2 4.7 86.1 0.0 0.0
0 0 854272 87008 0 0 0 0 0 0 0 27446 9.3 5.1 85.6 0.0 0.0
0 0 854272 97344 0 0 0 0 0 0 0 29036 9.0 4.9 86.1 0.0 0.0
0 0 854272 103564 0 0 0 0 0 0 0 24127 10.8 5.1 84.1 0.0 0.0
0 0 854272 83804 0 0 0 0 0 0 0 23983 8.8 4.9 86.3 0.0 0.0
0 0 854272 83228 0 0 0 0 0 0 0 24156 10.2 5.5 84.3 0.0 0.0
0 0 854272 83820 0 0 0 0 0 0 0 22774 10.7 6.0 83.3 0.0 0.0
0 0 854272 78108 0 0 0 0 0 0 0 34925 9.8 5.3 84.9 0.0 0.0
0 0 854272 138612 0 0 0 0 0 0 0 34407 9.4 5.8 84.8 0.0 0.0
0 0 854272 136032 0 0 0 0 0 0 0 34326 8.8 4.8 86.4 0.0 0.0
0 0 854272 135036 0 0 0 0 0 0 0 30290 9.4 5.1 85.4 0.0 0.0
0 0 854272 118448 0 0 0 0 0 0 0 20207 8.5 4.8 86.7 0.0 0.0
0 0 854272 78116 0 0 0 0 0 0 0 33341 9.2 4.8 86.1 0.0 0.0
0 0 854272 130652 0 0 0 0 0 0 0 27149 8.9 4.9 86.2 0.0 0.0
0 0 854272 105884 0 0 0 0 0 0 0 21906 8.4 4.7 86.9 0.0 0.0
0 0 854272 84792 0 0 0 0 0 0 0 42436 9.1 4.8 86.1 0.0 0.0
0 0 854272 166880 0 0 0 0 0 0 0 32099 8.8 4.9 86.3 0.0 0.0
0 0 854272 125528 0 0 0 0 0 0 0 34971 8.7 4.7 86.6 0.0 0.0
0 0 854272 137016 0 0 0 0 0 0 0 42404 9.5 5.1 85.4 0.0 0.0
0 0 854272 166628 0 0 0 0 0 0 0 40446 8.8 4.8 86.5 0.0 0.0
0 0 854272 158792 0 0 0 0 0 0 0 27290 9.4 4.8 85.7 0.0 0.0
0 0 854272 106168 0 0 0 0 0 0 0 42817 8.9 4.9 86.2 0.0 0.0
0 0 854272 168268 0 0 0 0 0 0 0 36308 8.7 4.8 86.5 0.0 0.0
0 0 854272 142112 0 0 0 0 0 0 0 37582 9.8 4.9 85.3 0.0 0.0
0 0 854272 147204 0 0 0 0 0 0 0 29148 8.9 4.8 86.3 0.0 0.0
0 0 854272 113468 0 0 0 0 0 0 0 32651 9.0 4.7 86.3 0.0 0.0
0 0 854272 127360 0 0 0 0 0 0 0 42494 9.5 4.8 85.7 0.0 0.0
0 0 854272 166720 0 0 0 0 0 0 0 38669 9.6 5.5 84.9 0.0 0.0
0 0 854272 151452 0 0 0 0 0 0 0 35908 9.4 5.1 85.5 0.0 0.0
0 0 854272 140132 0 0 0 0 0 0 0 37182 9.0 4.9 86.1 0.0 0.0
0 0 854272 145104 0 0 0 0 0 0 0 18240 8.8 4.7 86.5 0.0 0.0
0 0 854272 69336 0 0 0 0 0 0 0 37736 8.8 4.7 86.5 0.0 0.0
0 0 854272 146808 0 0 0 0 0 0 0 30155 9.0 4.9 86.2 0.0 0.0
0 0 854272 116984 0 0 0 0 0 0 0 37647 9.1 5.0 85.9 0.0 0.0
0 0 854272 146832 0 0 0 0 0 0 0 35029 8.8 4.6 86.6 0.0 0.0
0 0 854272 136352 0 0 0 0 0 0 0 37765 8.6 4.8 86.6 0.0 0.0
0 0 854272 147276 0 0 0 0 0 0 0 18877 8.9 4.8 86.3 0.0 0.0
0 0 854272 71724 0 0 0 0 0 0 0 22643 10.4 4.7 84.9 0.0 0.0
0 0 854272 86664 0 0 0 0 0 0 0 28881 9.4 5.8 84.8 0.0 0.0
0 0 854272 111616 0 0 0 0 0 0 0 27063 8.5 4.7 86.8 0.0 0.0
0 0 854272 103892 0 0 0 0 0 0 0 30626 9.4 5.2 85.4 0.0 0.0
0 0 854272 118592 0 0 0 0 0 0 0 32534 8.6 4.8 86.6 0.0 0.0
0 0 854272 125768 0 0 0 0 0 0 0 34572 11.9 5.4 82.7 0.0 0.0
0 0 854272 133916 0 0 0 0 0 0 0 26630 9.6 5.7 84.7 0.0 0.0
0 0 854272 102116 0 0 0 0 0 0 0 37016 9.1 4.9 85.9 0.0 0.0
0 0 854272 143504 0 0 0 0 0 0 0 32911 9.6 5.0 85.3 0.0 0.0
0 0 854272 127076 0 0 0 0 0 0 0 32879 8.9 4.8 86.3 0.0 0.0
0 0 854272 126948 0 0 0 0 0 0 0 33547 9.7 5.0 85.4 0.0 0.0
0 0 854272 129620 0 0 0 0 0 0 0 32854 9.0 4.9 86.1 0.0 0.0
0 0 854272 126728 0 0 0 0 0 0 0 32491 10.4 5.8 83.8 0.0 0.0
0 0 854272 124772 0 0 0 0 0 0 0 28051 10.3 5.7 84.0 0.0 0.0
0 0 854272 101908 0 0 0 0 0 0 0 27816 10.3 5.4 84.3 0.0 0.0
0 0 854272 100324 0 0 0 0 0 0 0 30296 13.0 6.3 80.8 0.0 0.0
0 0 854272 108592 0 0 0 0 0 0 0 26176 10.2 5.5 84.3 0.0 0.0
0 0 854272 91896 0 0 0 0 0 0 0 11683 9.3 4.8 85.9 0.0 0.0
0 0 854272 33912 0 0 0 0 0 0 0 16930 8.4 4.6 87.0 0.0 0.0
0 0 854272 54900 0 0 0 0 0 0 0 20842 9.9 5.1 85.0 0.0 0.0
0 0 854272 69632 0 0 0 0 0 0 0 23745 9.8 5.0 85.2 0.0 0.0
0 0 854272 80876 0 0 0 0 0 0 0 27994 8.9 5.1 86.1 0.0 0.0
0 0 854272 97876 0 0 0 0 0 0 0 16971 10.4 5.2 84.4 0.0 0.0
0 0 854272 53068 0 0 0 0 0 0 0 27765 9.1 4.9 86.0 0.0 0.0
0 0 854272 96052 0 0 0 0 0 0 0 27482 11.0 5.2 83.7 0.0 0.0
0 0 854272 91128 0 0 0 0 0 0 0 16341 9.2 5.1 85.7 0.0 0.0
0 0 854272 46564 0 0 0 0 0 0 0 21818 9.1 4.9 86.0 0.0 0.0
0 0 854272 68472 0 0 0 0 0 0 0 12147 9.4 5.0 85.7 0.0 0.0
0 0 854272 29988 0 0 0 0 0 0 0 21057 9.0 5.4 85.6 0.0 0.0
0 0 854272 64148 0 0 0 0 0 0 0 26627 9.6 4.8 85.5 0.0 0.0
0 0 854272 86432 0 0 0 0 0 0 0 30982 9.0 4.9 86.1 0.0 0.0
0 0 854272 103848 0 0 0 0 0 0 0 26990 9.0 5.5 85.5 0.0 0.0
0 0 854272 87760 0 0 0 0 0 0 0 18205 9.2 4.9 85.9 0.0 0.0
0 0 854272 56904 0 0 0 0 0 0 0 31839 10.3 5.2 84.5 0.0 0.0
0 0 854272 111440 0 0 0 0 0 0 0 31745 9.6 5.5 84.8 0.0 0.0
0 0 854272 110940 0 0 0 0 0 0 0 30873 9.7 4.8 85.6 0.0 0.0
0 0 854272 107452 0 0 0 0 0 0 0 25086 8.9 4.8 86.3 0.0 0.0
0 0 854272 84304 0 0 0 0 0 0 0 30197 9.1 4.8 86.1 0.0 0.0
0 0 854272 104748 0 0 0 0 0 0 0 31400 9.0 4.6 86.4 0.0 0.0
0 0 854272 109428 0 0 0 0 0 0 0 30490 9.4 5.0 85.7 0.0 0.0
0 0 854272 105788 0 0 0 0 0 0 0 18215 9.1 4.9 86.0 0.0 0.0
0 0 854272 56236 0 0 0 0 0 0 0 26527 8.8 4.8 86.4 0.0 0.0
